1 0.5 0.999861 0.500633
0.999861 0.500633 0.999753 0.500844
0.999753 0.500844 0.999245 0.501477
0.999245 0.501477 0.999013 0.501688
0.999013 0.501688 0.998459 0.502109
0.998459 0.502109 0.997781 0.502529
0.997781 0.502529 0.99698 0.502949
0.99698 0.502949 0.996057 0.503368
0.996057 0.503368 0.994443 0.503996
0.994443 0.503996 0.993844 0.504204
0.993844 0.504204 0.991864 0.504829
0.991864 0.504829 0.990393 0.505243
0.990393 0.505243 0.9888 0.505657
0.9888 0.505657 0.987958 0.505863
0.987958 0.505863 0.986185 0.506274
0.986185 0.506274 0.984292 0.506684
0.984292 0.506684 0.982279 0.507092
0.982279 0.507092 0.980147 0.507498
0.980147 0.507498 0.977897 0.507903
0.977897 0.507903 0.9743 0.508506
0.9743 0.508506 0.971756 0.508905
0.971756 0.508905 0.97044 0.509104
0.97044 0.509104 0.96632 0.509697
0.96632 0.509697 0.963428 0.51009
0.963428 0.51009 0.96194 0.510285
0.96194 0.510285 0.958877 0.510674
0.958877 0.510674 0.954072 0.511252
0.954072 0.511252 0.950728 0.511634
0.950728 0.511634 0.947272 0.512013
0.947272 0.512013 0.943707 0.512389
0.943707 0.512389 0.941883 0.512576
0.941883 0.512576 0.936248 0.513132
0.936248 0.513132 0.932357 0.513499
0.932357 0.513499 0.930371 0.513681
0.930371 0.513681 0.92632 0.514043
0.92632 0.514043 0.920047 0.514579
0.920047 0.514579 0.917904 0.514756
0.917904 0.514756 0.91354 0.515107
0.91354 0.515107 0.906804 0.515626
0.906804 0.515626 0.902188 0.515968
0.902188 0.515968 0.899842 0.516137
0.899842 0.516137 0.895078 0.516472
0.895078 0.516472 0.887748 0.516968
0.887748 0.516968 0.882742 0.517294
0.882742 0.517294 0.877641 0.517615
0.877641 0.517615 0.875056 0.517773
0.875056 0.517773 0.867161 0.518243
0.867161 0.518243 0.864484 0.518398
0.864484 0.518398 0.859063 0.518703
0.859063 0.518703 0.853553 0.519004
0.853553 0.519004 0.847956 0.5193
0.847956 0.5193 0.8394 0.519736
0.8394 0.519736 0.833591 0.52002
0.833591 0.52002 0.8277 0.520299
0.8277 0.520299 0.821728 0.520573
0.821728 0.520573 0.815676 0.520842
0.815676 0.520842 0.812621 0.520975
0.812621 0.520975 0.803341 0.521365
0.803341 0.521365 0.80021 0.521492
0.80021 0.521492 0.793893 0.521743
0.793893 0.521743 0.787503 0.521989
0.787503 0.521989 0.781042 0.522229
0.781042 0.522229 0.771221 0.522578
0.771221 0.522578 0.767913 0.522692
0.767913 0.522692 0.761249 0.522916
0.761249 0.522916 0.751133 0.52324
0.751133 0.52324 0.744311 0.523449
0.744311 0.523449 0.737428 0.523653
0.737428 0.523653 0.730487 0.52385
0.730487 0.52385 0.723489 0.524042
0.723489 0.524042 0.71997 0.524135
0.71997 0.524135 0.70933 0.524407
0.70933 0.524407 0.705757 0.524495
0.705757 0.524495 0.698574 0.524666
0.698574 0.524666 0.691342 0.52483
0.691342 0.52483 0.680405 0.525066
0.680405 0.525066 0.676737 0.525141
0.676737 0.525141 0.665669 0.525358
0.665669 0.525358 0.661959 0.525427
0.661959 0.525427 0.654508 0.525561
0.654508 0.525561 0.64702 0.525688
0.64702 0.525688 0.639496 0.525809
0.639496 0.525809 0.628145 0.525978
0.628145 0.525978 0.620538 0.526083
0.620538 0.526083 0.612901 0.526182
0.612901 0.526182 0.609072 0.526229
0.609072 0.526229 0.597545 0.52636
0.597545 0.52636 0.58983 0.526439
0.58983 0.526439 0.582093 0.526511
0.582093 0.526511 0.578217 0.526545
0.578217 0.526545 0.566561 0.526637
0.566561 0.526637 0.558769 0.52669
0.558769 0.52669 0.550962 0.526736
0.550962 0.526736 0.547054 0.526757
0.547054 0.526757 0.535313 0.526809
0.535313 0.526809 0.531395 0.526823
0.531395 0.526823 0.51963 0.526855
0.51963 0.526855 0.51178 0.526869
0.51178 0.526869 0.507854 0.526873
0.507854 0.526873 0.5 0.526876
0.5 0.526876 0.48822 0.526869
0.48822 0.526869 0.484295 0.526863
0.484295 0.526863 0.476447 0.526846
0.476447 0.526846 0.464687 0.526809
0.464687 0.526809 0.456857 0.526776
0.456857 0.526776 0.449038 0.526736
0.449038 0.526736 0.445133 0.526714
0.445133 0.526714 0.433439 0.526637
0.433439 0.526637 0.425664 0.526577
0.425664 0.526577 0.417907 0.526511
0.417907 0.526511 0.414035 0.526476
0.414035 0.526476 0.406309 0.5264
0.406309 0.5264 0.394764 0.526274
0.394764 0.526274 0.390928 0.526229
0.390928 0.526229 0.383277 0.526133
0.383277 0.526133 0.375655 0.526032
0.375655 0.526032 0.36428 0.525867
0.36428 0.525867 0.356738 0.525749
0.356738 0.525749 0.349231 0.525625
0.349231 0.525625 0.345492 0.525561
0.345492 0.525561 0.338041 0.525427
0.338041 0.525427 0.330631 0.525287
0.330631 0.525287 0.323263 0.525141
0.323263 0.525141 0.315938 0.524989
0.315938 0.524989 0.308658 0.52483
0.308658 0.52483 0.297828 0.524581
0.297828 0.524581 0.29067 0.524407
0.29067 0.524407 0.28711 0.524318
0.28711 0.524318 0.276511 0.524042
0.276511 0.524042 0.273005 0.523947
0.273005 0.523947 0.266035 0.523752
0.266035 0.523752 0.259123 0.523552
0.259123 0.523552 0.252271 0.523345
0.252271 0.523345 0.242107 0.523025
0.242107 0.523025 0.238751 0.522916
0.238751 0.522916 0.232087 0.522692
0.232087 0.522692 0.222215 0.522347
0.222215 0.522347 0.218958 0.522229
0.218958 0.522229 0.212497 0.521989
0.212497 0.521989 0.202939 0.521618
0.202939 0.521618 0.19979 0.521492
0.19979 0.521492 0.193546 0.521236
0.193546 0.521236 0.187379 0.520975
0.187379 0.520975 0.181288 0.520708
0.181288 0.520708 0.1723 0.520299
0.1723 0.520299 0.169344 0.52016
0.169344 0.52016 0.163494 0.519878
0.163494 0.519878 0.157726 0.519592
0.157726 0.519592 0.152044 0.5193
0.152044 0.5193 0.146447 0.519004
0.146447 0.519004 0.140937 0.518703
0.140937 0.518703 0.132839 0.518243
0.132839 0.518243 0.127553 0.517931
0.127553 0.517931 0.124944 0.517773
0.124944 0.517773 0.117258 0.517294
0.117258 0.517294 0.114743 0.517131
0.114743 0.517131 0.107342 0.516639
0.107342 0.516639 0.104922 0.516472
0.104922 0.516472 0.100158 0.516137
0.100158 0.516137 0.0954915 0.515797
0.0954915 0.515797 0.0886797 0.515281
0.0886797 0.515281 0.0842652 0.514932
0.0842652 0.514932 0.0820963 0.514756
0.0820963 0.514756 0.077836 0.514401
0.077836 0.514401 0.0736799 0.514043
0.0736799 0.514043 0.0676433 0.513499
0.0676433 0.513499 0.063752 0.513132
0.063752 0.513132 0.0599684 0.512762
0.0599684 0.512762 0.0562933 0.512389
0.0562933 0.512389 0.0544967 0.512201
0.0544967 0.512201 0.0509862 0.511824
0.0509862 0.511824 0.0475865 0.511443
0.0475865 0.511443 0.0426964 0.510867
0.0426964 0.510867 0.0395773 0.51048
0.0395773 0.51048 0.0380602 0.510285
0.0380602 0.510285 0.0336805 0.509697
0.0336805 0.509697 0.032278 0.5095
0.032278 0.5095 0.0295596 0.509104
0.0295596 0.509104 0.0256999 0.508506
0.0256999 0.508506 0.0244717 0.508305
0.0244717 0.508305 0.0221035 0.507903
0.0221035 0.507903 0.0187724 0.507295
0.0187724 0.507295 0.0166999 0.506888
0.0166999 0.506888 0.0147468 0.506479
0.0147468 0.506479 0.0129133 0.506069
0.0129133 0.506069 0.0120416 0.505863
0.0120416 0.505863 0.0103886 0.50545
0.0103886 0.50545 0.00885637 0.505036
0.00885637 0.505036 0.00678537 0.504413
0.00678537 0.504413 0.00615583 0.504204
0.00615583 0.504204 0.00498817 0.503787
0.00498817 0.503787 0.00394265 0.503368
0.00394265 0.503368 0.00260393 0.502739
0.00260393 0.502739 0.00186481 0.502319
0.00186481 0.502319 0.0012486 0.501898
0.0012486 0.501898 0.000986636 0.501688
0.000986636 0.501688 0.000555063 0.501266
0.000555063 0.501266 0.000138785 0.500633
0.000138785 0.500633 6.16838e-05 0.500422
6.16838e-05 0.500422 0 0.5
0 0.5 6.16838e-05 0.499578
6.16838e-05 0.499578 0.000385482 0.498945
0.000385482 0.498945 0.000755451 0.498523
0.000755451 0.498523 0.000986636 0.498312
0.000986636 0.498312 0.00186481 0.497681
0.00186481 0.497681 0.00221902 0.497471
0.00221902 0.497471 0.00346577 0.496841
0.00346577 0.496841 0.00394265 0.496632
0.00394265 0.496632 0.00498817 0.496213
0.00498817 0.496213 0.00615583 0.495796
0.00615583 0.495796 0.00813569 0.495171
0.00813569 0.495171 0.00960736 0.494757
0.00960736 0.494757 0.0112 0.494343
0.0112 0.494343 0.0120416 0.494137
0.0120416 0.494137 0.013815 0.493726
0.013815 0.493726 0.0166999 0.493112
0.0166999 0.493112 0.0187724 0.492705
0.0187724 0.492705 0.0198532 0.492502
0.0198532 0.492502 0.0232729 0.491896
0.0232729 0.491896 0.0256999 0.491494
0.0256999 0.491494 0.0269573 0.491294
0.0269573 0.491294 0.0309043 0.490698
0.0309043 0.490698 0.0336805 0.490303
0.0336805 0.490303 0.0365717 0.48991
0.0365717 0.48991 0.0395773 0.48952
0.0395773 0.48952 0.0426964 0.489133
0.0426964 0.489133 0.0442984 0.48894
0.0442984 0.48894 0.0492724 0.488366
0.0492724 0.488366 0.0527277 0.487987
0.0527277 0.487987 0.0544967 0.487799
0.0544967 0.487799 0.0581172 0.487424
0.0581172 0.487424 0.0618467 0.487052
0.0618467 0.487052 0.0676433 0.486501
0.0676433 0.486501 0.0716412 0.486138
0.0716412 0.486138 0.0736799 0.485957
0.0736799 0.485957 0.077836 0.485599
0.077836 0.485599 0.0820963 0.485244
0.0820963 0.485244 0.0864597 0.484893
0.0864597 0.484893 0.0931958 0.484374
0.0931958 0.484374 0.0978122 0.484032
0.0978122 0.484032 0.102528 0.483695
0.102528 0.483695 0.104922 0.483528
0.104922 0.483528 0.112252 0.483032
0.112252 0.483032 0.114743 0.482869
0.114743 0.482869 0.119797 0.482545
0.119797 0.482545 0.124944 0.482227
0.124944 0.482227 0.130184 0.481912
0.130184 0.481912 0.138215 0.481449
0.138215 0.481449 0.143681 0.481146
0.143681 0.481146 0.149234 0.480847
0.149234 0.480847 0.152044 0.4807
0.152044 0.4807 0.1606 0.480264
0.1606 0.480264 0.163494 0.480122
0.163494 0.480122 0.169344 0.47984
0.169344 0.47984 0.178272 0.479427
0.178272 0.479427 0.181288 0.479292
0.181288 0.479292 0.190453 0.478894
0.190453 0.478894 0.196659 0.478635
0.196659 0.478635 0.202939 0.478382
0.202939 0.478382 0.209293 0.478133
0.209293 0.478133 0.212497 0.478011
0.212497 0.478011 0.218958 0.477771
0.218958 0.477771 0.228779 0.477422
0.228779 0.477422 0.23541 0.477195
0.23541 0.477195 0.238751 0.477084
0.238751 0.477084 0.248867 0.47676
0.248867 0.47676 0.255689 0.476551
0.255689 0.476551 0.262572 0.476347
0.262572 0.476347 0.269513 0.47615
0.269513 0.47615 0.273005 0.476053
0.273005 0.476053 0.28003 0.475865
0.28003 0.475865 0.28711 0.475682
0.28711 0.475682 0.294243 0.475505
0.294243 0.475505 0.305036 0.475251
0.305036 0.475251 0.312292 0.47509
0.312292 0.47509 0.315938 0.475011
0.315938 0.475011 0.326941 0.474785
0.326941 0.474785 0.334331 0.474642
0.334331 0.474642 0.338041 0.474573
0.338041 0.474573 0.345492 0.474439
0.345492 0.474439 0.35298 0.474312
0.35298 0.474312 0.36428 0.474133
0.36428 0.474133 0.371855 0.474022
0.371855 0.474022 0.375655 0.473968
0.375655 0.473968 0.387099 0.473818
0.387099 0.473818 0.394764 0.473726
0.394764 0.473726 0.398606 0.473682
0.398606 0.473682 0.406309 0.4736
0.406309 0.4736 0.414035 0.473524
0.414035 0.473524 0.421783 0.473455
0.421783 0.473455 0.429549 0.473392
0.429549 0.473392 0.437333 0.473336
0.437333 0.473336 0.449038 0.473264
0.449038 0.473264 0.456857 0.473224
0.456857 0.473224 0.46077 0.473207
0.46077 0.473207 0.472525 0.473165
0.472525 0.473165 0.48037 0.473145
0.48037 0.473145 0.48822 0.473131
0.48822 0.473131 0.492146 0.473127
0.492146 0.473127 1 0.5
0.999861 0.500633 0.492146 0.473127
6.16838e-05 0.499578 6.16838e-05 0.500422
0.999753 0.500844 0.492146 0.473127
0.999245 0.501477 0.492146 0.473127
0.000385482 0.498945 6.16838e-05 0.500422
0.000385482 0.498945 0.000138785 0.500633
0.999013 0.501688 0.492146 0.473127
0.998459 0.502109 0.492146 0.473127
0.997781 0.502529 0.492146 0.473127
0.99698 0.502949 0.492146 0.473127
0.000385482 0.498945 0.000555063 0.501266
0.000755451 0.498523 0.000555063 0.501266
0.000755451 0.498523 0.000986636 0.501688
0.996057 0.503368 0.492146 0.473127
0.994443 0.503996 0.492146 0.473127
0.993844 0.504204 0.492146 0.473127
0.991864 0.504829 0.492146 0.473127
0.000986636 0.498312 0.000986636 0.501688
0.00186481 0.497681 0.000986636 0.501688
0.990393 0.505243 0.492146 0.473127
0.00186481 0.497681 0.0012486 0.501898
0.9888 0.505657 0.492146 0.473127
0.00186481 0.497681 0.00186481 0.502319
0.987958 0.505863 0.492146 0.473127
0.00221902 0.497471 0.00186481 0.502319
0.00221902 0.497471 0.00260393 0.502739
0.986185 0.506274 0.492146 0.473127
0.984292 0.506684 0.492146 0.473127
0.00346577 0.496841 0.00260393 0.502739
0.982279 0.507092 0.492146 0.473127
0.00346577 0.496841 0.00394265 0.503368
0.980147 0.507498 0.492146 0.473127
0.977897 0.507903 0.492146 0.473127
0.9743 0.508506 0.492146 0.473127
0.00394265 0.496632 0.00394265 0.503368
0.00498817 0.496213 0.00394265 0.503368
0.971756 0.508905 0.492146 0.473127
0.00498817 0.496213 0.00498817 0.503787
0.00615583 0.495796 0.00498817 0.503787
0.00615583 0.495796 0.00615583 0.504204
0.97044 0.509104 0.492146 0.473127
0.00813569 0.495171 0.00615583 0.504204
0.00813569 0.495171 0.00678537 0.504413
0.00813569 0.495171 0.00885637 0.505036
0.96632 0.509697 0.492146 0.473127
0.963428 0.51009 0.492146 0.473127
0.96194 0.510285 0.492146 0.473127
0.00960736 0.494757 0.00885637 0.505036
0.00960736 0.494757 0.0103886 0.50545
0.0112 0.494343 0.0103886 0.50545
0.0112 0.494343 0.0120416 0.505863
0.0120416 0.494137 0.0120416 0.505863
0.958877 0.510674 0.492146 0.473127
0.013815 0.493726 0.0120416 0.505863
0.013815 0.493726 0.0129133 0.506069
0.954072 0.511252 0.492146 0.473127
0.950728 0.511634 0.492146 0.473127
0.947272 0.512013 0.492146 0.473127
0.013815 0.493726 0.0147468 0.506479
0.943707 0.512389 0.492146 0.473127
0.941883 0.512576 0.492146 0.473127
0.0166999 0.493112 0.0147468 0.506479
0.936248 0.513132 0.492146 0.473127
0.932357 0.513499 0.492146 0.473127
0.930371 0.513681 0.492146 0.473127
0.92632 0.514043 0.492146 0.473127
0.920047 0.514579 0.492146 0.473127
0.917904 0.514756 0.492146 0.473127
0.91354 0.515107 0.492146 0.473127
0.906804 0.515626 0.492146 0.473127
0.0166999 0.493112 0.0166999 0.506888
0.902188 0.515968 0.492146 0.473127
0.899842 0.516137 0.492146 0.473127
0.0187724 0.492705 0.0166999 0.506888
0.895078 0.516472 0.492146 0.473127
0.887748 0.516968 0.492146 0.473127
0.882742 0.517294 0.492146 0.473127
0.877641 0.517615 0.492146 0.473127
0.0187724 0.492705 0.0187724 0.507295
0.875056 0.517773 0.492146 0.473127
0.0198532 0.492502 0.0187724 0.507295
0.0198532 0.492502 0.0221035 0.507903
0.867161 0.518243 0.492146 0.473127
0.0232729 0.491896 0.0221035 0.507903
0.0232729 0.491896 0.0244717 0.508305
0.864484 0.518398 0.492146 0.473127
0.859063 0.518703 0.492146 0.473127
0.0256999 0.491494 0.0244717 0.508305
0.853553 0.519004 0.492146 0.473127
0.0256999 0.491494 0.0256999 0.508506
0.0269573 0.491294 0.0256999 0.508506
0.0269573 0.491294 0.0295596 0.509104
0.847956 0.5193 0.492146 0.473127
0.8394 0.519736 0.492146 0.473127
0.0309043 0.490698 0.0295596 0.509104
0.0309043 0.490698 0.032278 0.5095
0.0336805 0.490303 0.032278 0.5095
0.0336805 0.490303 0.0336805 0.509697
0.833591 0.52002 0.492146 0.473127
0.0365717 0.48991 0.0336805 0.509697
0.0365717 0.48991 0.0380602 0.510285
0.0395773 0.48952 0.0380602 0.510285
0.8277 0.520299 0.492146 0.473127
0.0395773 0.48952 0.0395773 0.51048
0.0426964 0.489133 0.0395773 0.51048
0.821728 0.520573 0.492146 0.473127
0.815676 0.520842 0.492146 0.473127
0.812621 0.520975 0.492146 0.473127
0.803341 0.521365 0.492146 0.473127
0.0426964 0.489133 0.0426964 0.510867
0.80021 0.521492 0.492146 0.473127
0.793893 0.521743 0.492146 0.473127
0.0442984 0.48894 0.0426964 0.510867
0.787503 0.521989 0.492146 0.473127
0.0442984 0.48894 0.0475865 0.511443
0.781042 0.522229 0.492146 0.473127
0.0492724 0.488366 0.0475865 0.511443
0.0492724 0.488366 0.0509862 0.511824
0.0527277 0.487987 0.0509862 0.511824
0.0527277 0.487987 0.0544967 0.512201
0.771221 0.522578 0.492146 0.473127
0.0544967 0.487799 0.0544967 0.512201
0.0581172 0.487424 0.0544967 0.512201
0.0581172 0.487424 0.0562933 0.512389
0.0581172 0.487424 0.0599684 0.512762
0.767913 0.522692 0.492146 0.473127
0.0618467 0.487052 0.0599684 0.512762
0.0618467 0.487052 0.063752 0.513132
0.761249 0.522916 0.492146 0.473127
0.751133 0.52324 0.492146 0.473127
0.0676433 0.486501 0.063752 0.513132
0.744311 0.523449 0.492146 0.473127
0.737428 0.523653 0.492146 0.473127
0.730487 0.52385 0.492146 0.473127
0.0676433 0.486501 0.0676433 0.513499
0.0716412 0.486138 0.0676433 0.513499
0.723489 0.524042 0.492146 0.473127
0.0716412 0.486138 0.0736799 0.514043
0.0736799 0.485957 0.0736799 0.514043
0.71997 0.524135 0.492146 0.473127
0.077836 0.485599 0.0736799 0.514043
0.70933 0.524407 0.492146 0.473127
0.705757 0.524495 0.492146 0.473127
0.698574 0.524666 0.492146 0.473127
0.077836 0.485599 0.077836 0.514401
0.691342 0.52483 0.492146 0.473127
0.680405 0.525066 0.492146 0.473127
0.676737 0.525141 0.492146 0.473127
0.0820963 0.485244 0.077836 0.514401
0.0820963 0.485244 0.0820963 0.514756
0.0864597 0.484893 0.0820963 0.514756
0.0864597 0.484893 0.0842652 0.514932
0.0864597 0.484893 0.0886797 0.515281
0.0931958 0.484374 0.0886797 0.515281
0.665669 0.525358 0.492146 0.473127
0.661959 0.525427 0.492146 0.473127
0.0931958 0.484374 0.0954915 0.515797
0.0978122 0.484032 0.0954915 0.515797
0.0978122 0.484032 0.100158 0.516137
0.654508 0.525561 0.492146 0.473127
0.64702 0.525688 0.492146 0.473127
0.102528 0.483695 0.100158 0.516137
0.102528 0.483695 0.104922 0.516472
0.639496 0.525809 0.492146 0.473127
0.104922 0.483528 0.104922 0.516472
0.628145 0.525978 0.492146 0.473127
0.112252 0.483032 0.104922 0.516472
0.620538 0.526083 0.492146 0.473127
0.612901 0.526182 0.492146 0.473127
0.609072 0.526229 0.492146 0.473127
0.112252 0.483032 0.107342 0.516639
0.112252 0.483032 0.114743 0.517131
0.597545 0.52636 0.492146 0.473127
0.58983 0.526439 0.492146 0.473127
0.114743 0.482869 0.114743 0.517131
0.582093 0.526511 0.492146 0.473127
0.119797 0.482545 0.114743 0.517131
0.578217 0.526545 0.492146 0.473127
0.566561 0.526637 0.492146 0.473127
0.558769 0.52669 0.492146 0.473127
0.550962 0.526736 0.492146 0.473127
0.119797 0.482545 0.117258 0.517294
0.119797 0.482545 0.124944 0.517773
0.547054 0.526757 0.492146 0.473127
0.535313 0.526809 0.492146 0.473127
0.124944 0.482227 0.124944 0.517773
0.531395 0.526823 0.492146 0.473127
0.51963 0.526855 0.492146 0.473127
0.130184 0.481912 0.124944 0.517773
0.51178 0.526869 0.492146 0.473127
0.130184 0.481912 0.127553 0.517931
0.507854 0.526873 0.492146 0.473127
0.130184 0.481912 0.132839 0.518243
0.138215 0.481449 0.132839 0.518243
0.5 0.526876 0.492146 0.473127
0.48822 0.526869 0.492146 0.473127
0.48822 0.526869 0.48822 0.473131
0.138215 0.481449 0.140937 0.518703
0.484295 0.526863 0.48822 0.473131
0.484295 0.526863 0.48037 0.473145
0.143681 0.481146 0.140937 0.518703
0.149234 0.480847 0.140937 0.518703
0.149234 0.480847 0.146447 0.519004
0.476447 0.526846 0.48037 0.473145
0.149234 0.480847 0.152044 0.5193
0.476447 0.526846 0.472525 0.473165
0.152044 0.4807 0.152044 0.5193
0.464687 0.526809 0.472525 0.473165
0.464687 0.526809 0.46077 0.473207
0.456857 0.526776 0.46077 0.473207
0.456857 0.526776 0.456857 0.473224
0.449038 0.526736 0.456857 0.473224
0.152044 0.4807 0.157726 0.519592
0.449038 0.526736 0.449038 0.473264
0.445133 0.526714 0.449038 0.473264
0.445133 0.526714 0.437333 0.473336
0.433439 0.526637 0.437333 0.473336
0.433439 0.526637 0.429549 0.473392
0.425664 0.526577 0.429549 0.473392
0.1606 0.480264 0.157726 0.519592
0.425664 0.526577 0.421783 0.473455
0.417907 0.526511 0.421783 0.473455
0.1606 0.480264 0.163494 0.519878
0.417907 0.526511 0.414035 0.473524
0.163494 0.480122 0.163494 0.519878
0.169344 0.47984 0.163494 0.519878
0.417907 0.526511 0.406309 0.4736
0.414035 0.526476 0.406309 0.4736
0.406309 0.5264 0.406309 0.4736
0.406309 0.5264 0.398606 0.473682
0.394764 0.526274 0.398606 0.473682
0.394764 0.526274 0.394764 0.473726
0.169344 0.47984 0.169344 0.52016
0.178272 0.479427 0.169344 0.52016
0.394764 0.526274 0.387099 0.473818
0.390928 0.526229 0.387099 0.473818
0.178272 0.479427 0.1723 0.520299
0.178272 0.479427 0.181288 0.520708
0.383277 0.526133 0.387099 0.473818
0.178272 0.479427 0.187379 0.520975
0.375655 0.526032 0.387099 0.473818
0.375655 0.526032 0.375655 0.473968
0.181288 0.479292 0.187379 0.520975
0.36428 0.525867 0.375655 0.473968
0.36428 0.525867 0.371855 0.474022
0.36428 0.525867 0.36428 0.474133
0.190453 0.478894 0.187379 0.520975
0.190453 0.478894 0.193546 0.521236
0.196659 0.478635 0.193546 0.521236
0.36428 0.525867 0.35298 0.474312
0.356738 0.525749 0.35298 0.474312
0.202939 0.478382 0.193546 0.521236
0.202939 0.478382 0.19979 0.521492
0.209293 0.478133 0.19979 0.521492
0.356738 0.525749 0.345492 0.474439
0.209293 0.478133 0.202939 0.521618
0.212497 0.478011 0.202939 0.521618
0.212497 0.478011 0.212497 0.521989
0.349231 0.525625 0.345492 0.474439
0.345492 0.525561 0.345492 0.474439
0.218958 0.477771 0.212497 0.521989
0.345492 0.525561 0.338041 0.474573
0.338041 0.525427 0.338041 0.474573
0.338041 0.525427 0.334331 0.474642
0.338041 0.525427 0.326941 0.474785
0.228779 0.477422 0.212497 0.521989
0.330631 0.525287 0.326941 0.474785
0.330631 0.525287 0.315938 0.475011
0.228779 0.477422 0.218958 0.522229
0.323263 0.525141 0.315938 0.475011
0.228779 0.477422 0.222215 0.522347
0.23541 0.477195 0.222215 0.522347
0.323263 0.525141 0.312292 0.47509
0.23541 0.477195 0.232087 0.522692
0.315938 0.524989 0.312292 0.47509
0.308658 0.52483 0.312292 0.47509
0.308658 0.52483 0.305036 0.475251
0.238751 0.477084 0.232087 0.522692
0.238751 0.477084 0.238751 0.522916
0.248867 0.47676 0.238751 0.522916
0.308658 0.52483 0.294243 0.475505
0.255689 0.476551 0.238751 0.522916
0.255689 0.476551 0.242107 0.523025
0.262572 0.476347 0.242107 0.523025
0.308658 0.52483 0.28711 0.475682
0.297828 0.524581 0.28711 0.475682
0.262572 0.476347 0.252271 0.523345
0.29067 0.524407 0.28711 0.475682
0.29067 0.524407 0.28003 0.475865
0.269513 0.47615 0.252271 0.523345
0.29067 0.524407 0.273005 0.476053
0.273005 0.476053 0.252271 0.523345
0.29067 0.524407 0.252271 0.523345
0.29067 0.524407 0.259123 0.523552
0.29067 0.524407 0.266035 0.523752
0.28711 0.524318 0.266035 0.523752
0.276511 0.524042 0.266035 0.523752
