0.5200329124078147 0.9965090627722162
0.5049450193715438 0.996398140121644
0.4874605801239713 0.9954525822426283
0.4690394733647729 0.9944240295367852
0.4614996797388189 0.9938411766913623
0.4469803832749203 0.9926151856592152
0.4368057671258976 0.9916840202641964
0.4188358847268777 0.9900184654421373
0.4109159926394498 0.9891894280926982
0.40464318846242264 0.9884759147971228
0.39552275577400475 0.9870541805742857
0.37540785820977074 0.9838016839350764
0.36806261355760095 0.9824661594275651
0.362441939504373 0.9813664662652261
0.33057645906880007 0.9747877824041422
0.32282132417278686 0.9731672650270641
0.3182957912110692 0.9722175989386199
0.2925948762995212 0.9665752249478653
0.2874719125303741 0.9653820220409174
0.278992447262042 0.9633115565941706
0.26614842514759995 0.9600691077857351
0.26066339540682215 0.9586437189760812
0.25494940419489986 0.9570255335973253
0.24230458367298746 0.9534161451109294
0.22760725396238302 0.9489885506601272
0.22175869187695518 0.9471029032664511
0.2161090870179514 0.9448395943927071
0.2044459400296802 0.9399507039723918
0.2026459730804011 0.9391781629932183
0.1932657125413546 0.9349660919810067
0.17784598771897964 0.9280212946328316
0.17025520942841854 0.9241665005824188
0.16270527376181998 0.9202168678535999
0.15764004392510733 0.9175242155554307
0.14298457190789182 0.9094982518295416
0.13831514661705469 0.9066066219281865
0.13662537126860685 0.9055080911991061
0.13361458672953397 0.9033347977247898
0.12661749281651025 0.8979939881127715
0.12137270021435287 0.8934256412641174
0.118311218988572 0.8907493845795613
0.11398242469333442 0.8868679867859894
0.10005877030813082 0.8742083467748998
0.0918445207798847 0.8663440888213572
0.0763441698946622 0.8503292944511215
0.073775702597212 0.8476298202864412
0.06124468201465927 0.8312529547568814
0.05744939184645326 0.8257239158596235
0.05314344237132829 0.8194015112331979
0.051891298980846434 0.8175434551340288
0.04869374784348357 0.8120378514052407
0.04225486452990734 0.800413506002586
0.03685487743202509 0.7901863848280809
0.03025308994947129 0.777314058950704
0.0283228450987566 0.7731674033268214
0.026796699737095198 0.7698116432338402
0.022776844842203325 0.7588664216014841
0.021875613842281427 0.7563558788099844
0.019036959423933797 0.7468998249347407
0.01768136962937461 0.7416103772719373
0.013729931567676879 0.7251713864571979
0.011813361343910644 0.7164571094090166
0.009671924235077456 0.6931901064798508
0.00941474030284617 0.6896498821443836
0.008330811236407887 0.6713687009823717
0.007658121436607157 0.6600133360186032
0.0069675807319556915 0.6481999804674865
0.005913543420204781 0.6259112309390512
0.005700268734443736 0.6167201409075871
0.0054730959148104885 0.6056713555650473
0.005238402989627744 0.5761675017375381
0.0054237759097592875 0.5441486783471753
0.0055718763477939914 0.5186819854078124
0.0056477897497152485 0.5106469077294303
0.00576135597406735 0.5012992426921208
0.00600335497430049 0.48486542498953955
0.0061396978070451524 0.4771627596284521
0.0063212764265758725 0.4715872886883852
0.007118542530393013 0.45439408773079226
0.007538214794367226 0.4458280918218678
0.008089356776781575 0.4372320646223411
0.00852334973937574 0.43223638581807233
0.008946347457196469 0.42835745528930314
0.009785370438804675 0.421165226485109
0.011359915053947178 0.4106975169990653
0.015572240663003556 0.3833179943241899
0.017017249836987713 0.3752663398233026
0.01742250923180233 0.3730236651976374
0.01802496381602514 0.36969416686856515
0.019198535763181646 0.3636422034869159
0.022543893171258267 0.34654406195618526
0.023408395147015093 0.34240304877807815
0.03248863118284673 0.3057074132853892
0.03475253187136507 0.29822697423223377
0.03584386384898841 0.2952775516840557
0.039267991307989636 0.2860248679015366
0.043912585742640675 0.2737284182989612
0.04487125061397301 0.2713332202201837
0.0526270417721858 0.25470829269470374
0.05720383191664591 0.2454708217745144
0.05882459445917343 0.24318482100927463
0.06879897346778319 0.22928707438149665
0.08509882116439771 0.20688391031890874
0.09106763647039051 0.19901934973900914
0.09399574262113908 0.19551884649084028
0.09792238582374413 0.19127896824286506
0.1050689897393694 0.18393141729007945
0.10796083060478434 0.18102325143498998
0.12679822000950391 0.16249938187201307
0.12906028498283195 0.1604252473493405
0.13160080130990015 0.15828501938837458
0.13853710231612748 0.15246340681248105
0.16276620083486526 0.13239870916419794
0.17373860346804149 0.123334582413268
0.176824250948446 0.12082866903747747
0.1868934858327349 0.1131869363666419
0.19836160419043902 0.10469188949987629
0.21725555212957148 0.09144843376303047
0.22254285494768178 0.08799674986534922
0.22326098149387497 0.08754423514858833
0.2376798904432892 0.07862618682013012
0.2494580651464443 0.0718417267711019
0.25791292442249114 0.06701629827399236
0.25940302859344044 0.06619419185307474
0.2617339462711671 0.06492368169744933
0.26982889886807115 0.060548536604861924
0.27314007746125146 0.05884011478350548
0.2784332552830212 0.056235330187382804
0.29062518530538006 0.05029266817419942
0.2981174759672667 0.04669788686055776
0.30154597910998115 0.04524591384596832
0.3268984155939699 0.03655732911352072
0.3393020108832996 0.03260249835114204
0.34796459415979764 0.029863270598689318
0.36563063328948264 0.024418788761020438
0.37615082924775867 0.0213208066392504
0.40885524153754227 0.013239017250366802
0.41312330916946804 0.012252883540779802
0.41977743504606546 0.01074074428818983
0.4311797220159862 0.008707553708745652
0.4353321841199129 0.008040580457355895
0.45647400458653087 0.005542415935225198
0.46740850535478407 0.0042814296932043305
0.4895037191685705 0.002495086412031111
0.5152574162299733 0.0012481586775855424
0.532433575022311 5.208725470758901E-4
0.5399544553245929 3.686070902408911E-4
0.544049770040769 2.969475584857495E-4
0.5522327698923889 2.4130418302370504E-4
0.5590503418905581 4.755111164119752E-4
0.5824458828738382 0.0016362337450631648
0.5870646473980833 0.0018702259100786822
0.6097367662648512 0.003319860695320531
0.6141295892422944 0.003757864210362727
0.6175804643902139 0.004109418701647383
0.6216435178008033 0.004624005885224491
0.6248891543889878 0.005035225188488424
0.6525664330128346 0.009846121878826608
0.6757542850260214 0.015047295424684859
0.6910306712649762 0.018598224567383248
0.7020069836345774 0.021297311507047056
0.7121769749018892 0.02395322219709728
0.7158382265472826 0.024944070651321648
0.7236855248347094 0.02707479237146837
0.7405394690705954 0.03234752657290951
0.7464442120924157 0.034600417169664444
0.7487495877016141 0.03554633649267536
0.7574975165403743 0.039563880211100466
0.7735689387504294 0.04701995769418832
0.7790466379945079 0.04984412849963593
0.7817481650940075 0.051322364212933236
0.7948198700604874 0.05875359953609338
0.7961076722833298 0.059552987967327775
0.7983108101912059 0.060994174142728674
0.8047040164971997 0.06518272053761298
0.8140719155062685 0.07158285826933641
0.8250309546485037 0.07931477367599571
0.8297258380429975 0.08326448516069751
0.8312633696507711 0.08468928377525142
0.8343984136108202 0.08767467155098618
0.8392395249107529 0.09252104509449133
0.842938645747737 0.09640883165108272
0.8474459538073701 0.10140328360835871
0.8516006050987276 0.10617646994896401
0.8535039627475772 0.10843568060961162
0.8595489762783255 0.11583153814737124
0.8699508040658123 0.12877883523528033
0.8781085615619835 0.1393374207980883
0.8791153433559293 0.14069273962160067
0.8865804339150857 0.1509108976400424
0.8903923967917767 0.15656859215152474
0.9025104601917826 0.17544033352879407
0.9077752003054667 0.18381547470019322
0.9124601623144665 0.19154543428673754
0.9194612168780383 0.20322360850520382
0.9203271388281721 0.20484276566543136
0.92665124212888 0.2168983776557204
0.9275265762324775 0.21857315629617968
0.9378396809940162 0.24136898777370375
0.939242527825811 0.24456355139380492
0.9413348167239988 0.24948074879212445
0.9417970265682742 0.25060354196280077
0.9478633227893504 0.2659661796063526
0.9491015640190097 0.2691139785916674
0.9519042887502978 0.2762762738428769
0.953277899573695 0.2803250849304557
0.9543382681670506 0.28353998644859046
0.9580252109768261 0.29555397289340923
0.9622216148193363 0.30924734682316724
0.9629777136440012 0.3117147240997884
0.9659994893441585 0.3219801467452513
0.9678655956249642 0.328334428380584
0.9693761159340988 0.3335059497111508
0.9789678752830872 0.3705418140689929
0.9810074667997919 0.37842804188868306
0.9822812953649371 0.3836438538656074
0.9839483596834548 0.3904781202836468
0.9850170314536123 0.3959126152964624
0.9863739584332323 0.4029539069067357
0.9913487718650079 0.4346262907079921
0.9930150071727288 0.44532806562796123
0.996219009228632 0.46807902482337216
0.996680950812083 0.47139126769740947
0.997881545033332 0.4851205573774807
0.9986358358069342 0.4954515809013059
0.9992939284029474 0.5055672346285718
0.9994243100694686 0.5082419054860702
0.9996672536710115 0.5138880735867848
0.9997816854444065 0.5166552663526199
0.9997834793480702 0.5172592742684732
0.9995736216939365 0.5373633990195229
0.9987343024806133 0.5507858409467643
0.9983971887397924 0.5550392648692168
0.9948732177717213 0.5921270536004815
0.9926452937354421 0.6131921096890829
0.9907022113981636 0.6285238442648986
0.9894208462947395 0.638439892730111
0.9886127452249193 0.6435618320522566
0.9875968233983524 0.6498060962096711
0.9850013769731694 0.6640094265421888
0.9840271125414722 0.6690391284668722
0.983274266481769 0.672101678451309
0.9799466887371235 0.6856345331916747
0.9746123365206105 0.7057128365419976
0.9712662590096981 0.7152927482846385
0.9669397710752647 0.7268566555140209
0.9593407675552379 0.7469355639748478
0.9532488035100122 0.7621764550170507
0.9492560853869928 0.7719164991400104
0.9483812117782293 0.7737537551856175
0.9431268452842049 0.7837170053499821
0.9425044507032416 0.7848240025557305
0.9384648793272937 0.7919059398509289
0.9371629274200961 0.7940079107228037
0.9350203457695234 0.7973959625305247
0.934033845405137 0.7988345394047066
0.9280976079809455 0.8072837671413183
0.9202305806976905 0.8182615372232678
0.9125119957715129 0.8289288925145483
0.9110257725786505 0.8305685872691082
0.9069956528784717 0.834682757946487
0.9023822705665523 0.839168052549892
0.8967532992109085 0.8445364354558682
0.8893274514282892 0.8515407739389227
0.8820902572193092 0.8581323160882055
0.8784231596579685 0.8608660294418191
0.8758502073808001 0.8627816672847791
0.8712998040214052 0.8661386434841905
0.8640445999456808 0.8712507943277308
0.85229807220439 0.8790903780629583
0.8478769925100811 0.8819789348113933
0.844490265950771 0.8841716901243569
0.8349425664508761 0.8903466765470303
0.8242016448095855 0.897238566357089
0.81623635836804 0.9022863083005819
0.8084580053953485 0.9071660391373917
0.7932077509743987 0.9158801705578942
0.7927263609791505 0.9161550871267373
0.7886940715321882 0.9183264416022788
0.7796062641634269 0.9230193352225506
0.7654958323526802 0.9301064227488129
0.752533751975811 0.9365465723521936
0.744852840328404 0.9402618199988426
0.7410227972171815 0.9420826208126244
0.7299634554844201 0.9472597679950928
0.713889671372836 0.9547553861430808
0.7065492386851957 0.9580095541739945
0.6749695995562507 0.9714214077968523
0.6703220959639349 0.9732637589428682
0.6628922766321359 0.9760188262925497
0.6511929080117375 0.980269626493853
0.6386929248734179 0.9846897445473834
0.6316135829031422 0.9867036023327858
0.6092962669482754 0.9918654730835206
0.6028249224644514 0.9924963797848391
0.5958630608453092 0.9931454777116617
0.5905426604935919 0.99360519440307
0.5671571939783748 0.9955794583950505
0.5556977863414588 0.9961864356298133
0.5381900120539876 0.9964433677144044
