0.48351265057264914 0.999239520719799
0.4800914373837828 0.9992368778738875
0.47690417693754783 0.9992110947071324
0.474371084161897 0.99917651133642
0.4717474360733074 0.9991247776239691
0.46796837796200896 0.9990259001641947
0.46469499529644087 0.9989401665244989
0.4626930663017985 0.9988839786420752
0.4588003032607876 0.9987447137933183
0.4571221537587542 0.9986837784387369
0.45558820719637405 0.9986245741191496
0.44923054983000354 0.9983320947354266
0.4434525354064678 0.9980390273800555
0.4405894851749481 0.9978934247419395
0.4363038549971552 0.9976551026997893
0.43445492062509894 0.9975407848500355
0.43282141906000493 0.9974386336639002
0.43023735922931516 0.9972692196514208
0.42837287345126096 0.9971413928176599
0.42719304537672276 0.9970335221387469
0.42514736587595825 0.9968399709154055
0.4150155760241242 0.9958140935581277
0.40975122821690746 0.9952758249271997
0.406785193022684 0.9949705520007253
0.4055135784031644 0.9948390365940952
0.40148412560543734 0.9944166949010099
0.3995999723415017 0.9942179649963243
0.39898156450442823 0.9941497771288784
0.39735282323013543 0.9939672239441943
0.3961460464449985 0.9938273367398747
0.39541046349909037 0.9937316114868272
0.3893864981500208 0.9928171985260107
0.3836703009094543 0.9919172239359888
0.37960079699666416 0.9911776443267092
0.37783519305888824 0.9908533898188397
0.37770790775315777 0.9908296905998987
0.37628145530450874 0.9905510672017741
0.3694938706361104 0.9892225722074797
0.36818631174633565 0.9889591038396807
0.36538981450102015 0.9883915123701683
0.3639231784224195 0.9880877964289018
0.35834499066084213 0.9869244566662112
0.3548696406848828 0.9861984500595072
0.35250217177898824 0.9856700839142747
0.35042158258889655 0.9851976368527886
0.3500044116337009 0.98509776247454
0.3496745755462255 0.9850183282116781
0.3457600017055247 0.9840679983010604
0.3412300025760068 0.9829626056297903
0.338336629753064 0.9822499954944094
0.33088036031794055 0.9804082990791391
0.3263245762711513 0.9792825315714393
0.32139895749355285 0.9779856881885542
0.31743981548035205 0.9769262520140648
0.3122192406279237 0.9755129471988646
0.3107893326615604 0.9751257155719292
0.30903891959816887 0.9746467917666015
0.30414488016136554 0.9733027770425804
0.3003532815916149 0.9722578406802798
0.29776525571041523 0.9714775927489918
0.2952286644308415 0.9706803617586973
0.2897176930490133 0.9689403252005923
0.2865381145108318 0.9679001057436247
0.2860174010420865 0.967729591810468
0.28362145821346363 0.9669326460212819
0.281736494672 0.9662965119113938
0.28104237805848964 0.9660553117340277
0.2780489724725945 0.9650065553695706
0.27718894705159447 0.9646993978481754
0.27654626948392647 0.9644574394408236
0.2717592127365509 0.9626519103804906
0.26195768539213404 0.9589329768583263
0.2611403793369139 0.9586198394846774
0.25181843962658534 0.9550233772346984
0.24963307315658478 0.9541768555055036
0.24458760506051935 0.9521658089371675
0.2420900834508788 0.9511642040833328
0.2402149202974564 0.9503990409264753
0.23024312702740402 0.9461888248020476
0.22777815527617018 0.94514736958765
0.22383183144655738 0.943446495949413
0.2217021825068658 0.9425241142739176
0.21665835670213152 0.9403395518349733
0.21386384673749126 0.9390927751441297
0.21272495179224482 0.9385737308311483
0.21091056361254024 0.9377316987323501
0.2097430966402246 0.9371875951237834
0.20915727544557483 0.9369056478725535
0.2057884335527379 0.9352493003280696
0.20377604325116472 0.9341956577073409
0.20206842440618566 0.9332883281214724
0.19918445281215824 0.9317551339330593
0.1945205970042717 0.9292510604297176
0.19228643233696285 0.9279858347231194
0.18972653171347698 0.9265256648052951
0.18723909889680102 0.9250411621959814
0.1863740633031843 0.9245027942679215
0.18334764925655223 0.9225942107502746
0.18315811762992817 0.9224735643920973
0.17918939465260597 0.9199381577169405
0.17618732896659384 0.9179891130813053
0.17353265760845404 0.9162029800845402
0.17245465307811736 0.9154666062997174
0.16637809579213048 0.9112278248426889
0.16566348223015714 0.910722049228488
0.16450727923215602 0.9098895462466207
0.163289448828698 0.9089947293199703
0.1606438305330743 0.9070437009817154
0.1594217923505532 0.9061262352051108
0.15561681819889117 0.9032463050262333
0.15510452046510093 0.9028503495460685
0.15351861214112972 0.9015962944960981
0.1511294894498295 0.8996987897585143
0.14701468742703683 0.8964206832241318
0.14700794762079028 0.8964153115996284
0.14463094312656355 0.8945205847634572
0.14356973180456722 0.8936352960943327
0.1413529556336376 0.8917708592474081
0.1402971948877424 0.89087683679887
0.13718394860834393 0.888225767686374
0.1345244218776369 0.8859583545752914
0.13374387159430412 0.8852556646653605
0.13316756688632336 0.8847286288523006
0.12984184607875826 0.8816680899631947
0.12810806991805435 0.8800328476406685
0.12612435804441535 0.8781556022722458
0.12286384262102834 0.8750077188557848
0.12185694984396278 0.8740323926144473
0.11666065918635204 0.8689708468396948
0.11462585124314584 0.8669738025969113
0.11388739898064903 0.8662300828236303
0.11010037171027154 0.8623402977073313
0.10900355487488733 0.861158079318233
0.10775413762542219 0.8598004313748533
0.10659681510588981 0.8584574661681196
0.10515251804369108 0.8567658084361395
0.10370354917932456 0.8550039377165087
0.10268546937502543 0.8537006949014025
0.10210208296851697 0.8529139641410787
0.10106711234326438 0.851514282337994
0.09769128318286091 0.8468882463036767
0.09555923395634813 0.8439653830875301
0.09467178914783525 0.8427483024579673
0.09313074016246392 0.8406296748690653
0.0917023435243789 0.8386518020809939
0.08999778258112201 0.8362686353171798
0.0864309820682494 0.8311258522075888
0.08345685931938707 0.8268266396533761
0.08164330604728087 0.8241976695644054
0.08095194327277988 0.8231619119419615
0.07788311595207831 0.8185531277861122
0.07682442275209467 0.8169031457578954
0.07387386344138447 0.8122982347660728
0.07329527199524799 0.8113743713017215
0.07160028229704696 0.8086576372855083
0.07073237496324747 0.8072515685439191
0.06997696782296792 0.805998318459113
0.06881769740478094 0.8039798942509789
0.0683924239250917 0.8032316708961051
0.0674025533674435 0.8014732409013641
0.06642194437381532 0.7997125983690114
0.0637860447998182 0.794829194406452
0.06179799610614478 0.7910550042082697
0.06120702133473277 0.7899271769059886
0.060496368851320814 0.788540909659207
0.05967325549534208 0.7869331872426385
0.059126040971440474 0.785858567789649
0.05844058272986652 0.7844986634870623
0.058015845758548124 0.7836539380316093
0.0570393533951592 0.7816983428931595
0.05542307573952232 0.7784100127807044
0.05467355639025506 0.7768682619861476
0.05132035162181703 0.7699670001587864
0.050693066124468 0.7686598250306587
0.050184106812241724 0.7675036438301691
0.04973047320863366 0.766440699213682
0.04920950654147804 0.7652168780026556
0.04903567326329772 0.764805577000976
0.04795569516703413 0.7621671436004018
0.047435338442688324 0.7608813096600094
0.046492581863763704 0.7585280444703861
0.04617461113276389 0.7577284677458719
0.044373788705854844 0.7531800409200882
0.04332961652381595 0.7504852296629029
0.0429028147845647 0.7493811679216998
0.042626829828289026 0.7486598557614474
0.04047058000110393 0.7426199304429474
0.03998407277561267 0.741237061476011
0.0379765726189748 0.7354489701582148
0.037780015218102814 0.734878224477867
0.03752894961688735 0.7341477918400918
0.03583460170027941 0.7292137509591555
0.035284511876658264 0.7275596575054746
0.033245072590306624 0.7212820012602259
0.032131272745115846 0.717846400347618
0.03206921941923446 0.7176496200617222
0.03195320790506384 0.7172806211417071
0.030980094221706667 0.7140945836180278
0.03067981161397637 0.7131014376275054
0.030412481355775012 0.712205274205634
0.029916686308967044 0.7105009854155834
0.02948902893551586 0.7090275301126612
0.028299511911980213 0.7049063848304625
0.02739433706257699 0.7017649738239098
0.027102843786450226 0.700744213538368
0.025709147146557143 0.6957167800426656
0.024973771702587078 0.6929516121090139
0.02369899435519518 0.6881465567379702
0.022864706630660647 0.684971742709955
0.022275966085471333 0.682727508039535
0.021958111593020746 0.6815102220007755
0.020950126932032576 0.6776487730141048
0.019342680539838564 0.6711323254185956
0.01904090968796801 0.6698952174555115
0.018007637202172244 0.6654737268365953
0.01742992101931551 0.6629677386887124
0.016648924071496984 0.6593509652901349
0.01598344661702522 0.6562676025496679
0.015007697991397118 0.6517294800205788
0.01442569667136051 0.648832329496955
0.014107568892461342 0.6472117093982118
0.013259437832391141 0.6428643920057178
0.012211979271203766 0.637108629490872
0.01191717206635623 0.6353768922694727
0.011683818175033167 0.633983858732006
0.01128215260754073 0.6314497829422052
0.010798950912386585 0.6280301985276903
0.0106824397221984 0.6271789186189677
0.009420486659963978 0.6178194116374813
0.009024930448822799 0.6146251315303616
0.008797109898674771 0.6127437170933473
0.008405074400571921 0.6093958221337892
0.008272749416126435 0.6082381287158314
0.00788754622240384 0.6048377498139875
0.007234862059821379 0.5989531698842632
0.006890743625097451 0.5956453875004865
0.0067053593079644536 0.5938630194637684
0.006293453122638293 0.589687848868242
0.005651699097274476 0.5827898215422451
0.005046841409182878 0.5760684357737208
0.0049066695489040635 0.5744248276008624
0.004704439259872295 0.5718948940747767
0.00459321487115516 0.5704902116545526
0.004229741075070459 0.5657910601710153
0.003813031586652471 0.560378623978663
0.0036024848126632314 0.5576295011399253
0.003313964104144973 0.5535140431985083
0.0032526359401705562 0.5525562764065688
0.003185727396986082 0.5514989718850045
0.0030732089048790545 0.5496373405339717
0.002998828093789485 0.5483518635717606
0.002720050335779267 0.5435005845311678
0.0024218573799272836 0.5379208040338708
0.0023249896351602573 0.5360691279846088
0.00223549434702075 0.5341830512091286
0.0019764193572551214 0.5262797838591704
0.0017670352884974205 0.5195083987876161
0.0016783014562116172 0.5161360781166503
0.001668570573914674 0.5155327285894549
0.0016408021832239328 0.5132020422864707
0.0015755909715301497 0.507637920392152
0.001563724467500971 0.5063185518378199
0.0015572382336114243 0.505419305922875
0.0015566620705346201 0.5007349807024545
0.0015583117705005867 0.4943355250759859
0.001576782946005495 0.4925965961850908
0.001599988161605892 0.4905943593457113
0.0016759195327988863 0.4842848277186317
0.0017341233268993728 0.47995973139085746
0.0018990306236249532 0.46815273486411046
0.002019506300855012 0.45965983408421884
0.0020410506962322827 0.4586133866973684
0.0021782852016857257 0.4534567117312275
0.0022786204623483908 0.4501890325912229
0.002318236793910078 0.44917019388690904
0.0025499107542776844 0.4442431192821271
0.0027993458865607224 0.4398426815576919
0.002914549719207571 0.4381044823556539
0.0040549307610779906 0.42261854114194886
0.004344474331155257 0.41883520531717044
0.004477211112270507 0.4172515211457226
0.004858150552255802 0.41279130632725736
0.005178147028620184 0.409383960872826
0.005780605273140282 0.4033736535428294
0.006045107256873017 0.4007644393767201
0.00634796617281741 0.3980118840592999
0.006480588970712464 0.39694114478198916
0.006824961159312193 0.3943538485447572
0.007372801556890685 0.390428871624825
0.00856159430589365 0.38234419048976065
0.008914577391639034 0.3800069777505498
0.008987835296023095 0.37953440726068344
0.01001049384613184 0.37327513497415066
0.010490283260575328 0.37037319813473923
0.010807822929380095 0.3684712404606144
0.011439918343595257 0.36472435571321693
0.011870548784616353 0.36222733702304477
0.012005973410950888 0.3614468315139915
0.012813074309046435 0.3568943115197727
0.014278234852941551 0.3490842039515053
0.016676588466541853 0.3384439889922205
0.01759395853607648 0.33441621507139074
0.01825831428733149 0.33175582367208845
0.020182765058534557 0.32460038781247047
0.020886030206487716 0.32199038384800416
0.022407413298252465 0.31652230205576015
0.02347124017091695 0.31281065851976364
0.023645856870152526 0.3122087078881004
0.02437001217425483 0.3098048351572935
0.02553552827290828 0.305938454787162
0.02679951597550123 0.3018350935674632
0.027356300506514053 0.3000612705443112
0.02855138964455084 0.29647236651195363
0.028821968709308643 0.2957189002514803
0.02902363487263826 0.29518604250656677
0.03029195192885714 0.29196361999219267
0.032017698627933466 0.2876270504053188
0.03327934569300506 0.2845072640096783
0.03366731540279533 0.28355740133516505
0.033889530263395695 0.2830343281906079
0.0342107150849843 0.2822785149274274
0.03560748111721235 0.2791412094899136
0.03719974158352002 0.27559279818608085
0.038321741496970096 0.27314704333916306
0.03914544235925277 0.2713594500984944
0.041394650600894645 0.26649766201563396
0.042264125821028564 0.2646623870696315
0.045467931292689445 0.25791677677354063
0.04607216351313892 0.2566531987345738
0.04826801415383608 0.2521579869117212
0.05174906343964758 0.24511133602638302
0.052270272639403204 0.2440647794163433
0.05327497905707557 0.24206315434347958
0.05381947259732989 0.24098523245224202
0.054577470008860596 0.23950519094611256
0.055380389562748045 0.23796702799622527
0.055893561753282306 0.23698804694448594
0.058656739745234665 0.23172609925146348
0.0594116144142961 0.23031065693761466
0.06166650532250517 0.22610340988978672
0.0626111750890096 0.2243527983564374
0.0630581961264105 0.22353228165115557
0.06427089790206164 0.2213342329065845
0.06701104508512756 0.21638562550608353
0.06901898576279952 0.21280325665783217
0.0698385991820164 0.21138571746182766
0.07300301827964806 0.205918485454766
0.07447420647502867 0.20346928725570856
0.07735517268031156 0.198700798809464
0.07816820905121324 0.1973576303989505
0.07910001464224559 0.1958360980386763
0.07991392190230318 0.19452029506210045
0.08110000812550622 0.19261746691326398
0.08210877608748379 0.19105739630941432
0.0837553162268665 0.18860532858695345
0.08498296885583245 0.18680431566032007
0.08656178951862947 0.18457092757744353
0.08730671228733122 0.18351828776834833
0.08933393664925227 0.180784476109634
0.09233657385138794 0.17678397575534854
0.0947551775383274 0.17356377748787244
0.09558816155429362 0.17246047764064587
0.09774734986639644 0.16961128361925748
0.098957912662482 0.16803444195259343
0.10118349414843031 0.1651998093438517
0.10400614060377966 0.16162843452534958
0.10631157105004829 0.1587121309867905
0.10787993238307303 0.15672882924391418
0.10935161287756756 0.15487577618402826
0.10975454626342662 0.1543705252594889
0.11119989172833211 0.15257464828496914
0.11469374299350588 0.14824376136023665
0.11693227432197928 0.14548071745212432
0.11794210306709263 0.14424563090785925
0.11848824234439204 0.14358059067527096
0.12237330239411293 0.1390746058126201
0.12284896009019486 0.1385323355625121
0.12355740166690665 0.13772928080408398
0.12565448300999393 0.13538953105164842
0.12614126698225725 0.13484784670772387
0.12667752536606958 0.1342631851083187
0.12768666985725008 0.13317998711372125
0.1279806004091728 0.13286956484951185
0.12908619247754616 0.13172988066504043
0.13132682877982327 0.12949514552364272
0.13408135799443566 0.1268615466570212
0.13599822143250473 0.12505326195115873
0.13725376743921114 0.1238730051070035
0.14102594481895592 0.12043025093698234
0.14177789317961575 0.11974449851221325
0.14585988780737213 0.11612789259408351
0.14691268189779516 0.11522408937945361
0.14929191610121972 0.11320478699861869
0.1501419007530671 0.11249029517507758
0.16060265969678145 0.10370512038613922
0.16386667544205535 0.1010226527288759
0.16652709706442137 0.09886204012467259
0.16709537237975491 0.09840604309850054
0.168756585842482 0.09707754096865462
0.17197351109838854 0.09465452303307609
0.17311036737288343 0.09380742191488356
0.1759348982949379 0.09173148896059646
0.17663728571703963 0.09121759202032309
0.1793822452443734 0.08926918692134966
0.18182725483165052 0.08756041879492293
0.18211500624594268 0.0873621525713566
0.1823523628421967 0.08720590935642503
0.1868805939523901 0.08423757428202883
0.1943236043963661 0.07944842449845291
0.19930054649291562 0.07625320341939279
0.20073753215579093 0.07536088917903971
0.20354800346728763 0.0736894956151739
0.21119441732229083 0.06923451977446426
0.21639048314810572 0.06631200375565782
0.21828614836115656 0.06527663177704268
0.22115581251047411 0.06371839293419157
0.22162298236949873 0.06346792814021229
0.22466824204328795 0.06183822201742806
0.22779743218080584 0.06017170932345828
0.22908755566534966 0.05948676173556777
0.23089657688355836 0.05853260673506122
0.2323276089037728 0.057803475304224805
0.2349129099416295 0.056504797832466314
0.2355788685120408 0.05617291144199754
0.23950665237481372 0.05423696339991024
0.24234013202249383 0.05290223784738368
0.2473299066583451 0.05058660033420381
0.2500038721409139 0.04937006416922085
0.251937382688908 0.0484908657291957
0.2579705957744898 0.04580753988595854
0.2598335425670516 0.04498331392016219
0.26624800599819587 0.04220649152142186
0.2693126991823398 0.040911498756889486
0.27004976578880613 0.04060956789041725
0.2707842838541874 0.040310045901480906
0.2734848589550951 0.039249340862089754
0.2770761295142845 0.037884328678730705
0.2779296028465865 0.03756022071482412
0.27897596771417976 0.03717291510353793
0.2844076758686874 0.035164252629022896
0.2856191383673913 0.03471685212339737
0.2910084882925579 0.03279875017144196
0.29419541427898077 0.03167810493468581
0.2952144511852959 0.03132072498250593
0.30023642900012304 0.029567879333890934
0.30295335118868105 0.028633212307891953
0.3060744279647152 0.027580458630585558
0.3067430966605641 0.027355145879975562
0.31013622419876996 0.0262335874862748
0.31149117810366345 0.025811061022352866
0.31192510572562904 0.02567935579265579
0.31783519759419787 0.023906416485980797
0.32875444729627945 0.02078718959647019
0.33253754402287206 0.01973166370629087
0.3367935167056503 0.018546069870317927
0.33817781507102984 0.018162725769795607
0.33998760145831863 0.017679634314656467
0.3425319419670444 0.017003933617653177
0.34419464413596734 0.016592037223914113
0.34483891789799437 0.016437290391804082
0.3471107044511875 0.015899987477746236
0.3543803631229161 0.014208612738957016
0.35555254654866997 0.01393687448840919
0.35916492409765033 0.013127253718255627
0.3624479014918489 0.01244479141786825
0.3630015638623467 0.012331621269362047
0.36676351755647585 0.01157136955007021
0.3692502867055243 0.011086706014738601
0.370558414878843 0.010842875415511988
0.37160342557406534 0.010649444035213174
0.37353588670785465 0.010300381493747568
0.37511661310160416 0.01001608074615512
0.37964333132335526 0.009204224815849482
0.382406722391864 0.00872528051302901
0.38370924291794306 0.008516713947592014
0.38917906602541275 0.007641303929378229
0.3937688843076027 0.006946585082322709
0.3964529280346898 0.006554685119106618
0.39772410354517296 0.006396471315202268
0.4117947300229776 0.004704147351991428
0.415503314516084 0.004292076354437957
0.416428289617246 0.004214276489393209
0.41853388888631815 0.004038262502948808
0.4235324154963409 0.003637602682357688
0.4287398560243306 0.0032226645835918832
0.43108761144150376 0.003038442405012165
0.43495327505176906 0.0027694239302781254
0.4378065986524051 0.0025718034425536995
0.44757753439924464 0.0019215604498219463
0.4481948235074409 0.0018813293215453886
0.45341426302161636 0.001550938980874661
0.45411075219308605 0.0015070127372760478
0.45504869133485915 0.0014552368854132691
0.46248108862915815 0.0010623136129510602
0.4667094990032832 8.85336668604908E-4
0.4683818972247654 8.277259325916164E-4
0.46929931721735674 7.983959600357249E-4
0.4713172144505843 7.378068753320921E-4
0.4733515339302896 6.819748583360985E-4
0.4813473225722068 5.206478738312148E-4
0.48480888681535295 4.668187984555594E-4
0.49006928986110343 3.8687377736179585E-4
0.4920920381492391 3.564718312647486E-4
0.4935364901096029 3.351179368535906E-4
0.5020368776625198 2.2176912637361657E-4
0.5153514600226043 1.4764983892434635E-4
0.5172339935720751 1.664216511730876E-4
0.5201994624732281 1.9857803383271921E-4
0.5234384262846966 2.6037054851602015E-4
0.5255727913752354 3.012370062969172E-4
0.5295279754546232 4.0286713501302973E-4
0.5373135465401433 6.116268902235378E-4
0.5411994503100424 7.345684247073159E-4
0.546006094265933 8.900531986909543E-4
0.5521053729314889 0.001107151127266226
0.5563221731168331 0.0012678276829546364
0.5578704602304398 0.0013422109702736496
0.5660675655434976 0.0017382637342886476
0.5688511869392341 0.0018833625652235897
0.5728919914697298 0.0020953780161687696
0.5768628838116064 0.0023191009972145515
0.5804255577697869 0.002522222542729602
0.5818350817114131 0.0026033566636889383
0.5889183862029045 0.0030784348054909705
0.5919177141842376 0.003280442420014462
0.5963626293201758 0.003598478258751703
0.5990510838221876 0.0038019238043066617
0.6021532009964153 0.004044300010734303
0.6037841627585325 0.004172729799527208
0.6055749091181714 0.004319832369282572
0.6086490931982185 0.004584662473362755
0.6149431843780561 0.005162589813781704
0.6162506198657868 0.005285514498085897
0.6198843810055508 0.00567235478310002
0.6211205077218472 0.005810004639783095
0.6259001498224093 0.006377458982363526
0.6267215501984124 0.006481542692976627
0.6305036544064654 0.006968090781639513
0.6371024319114575 0.007822051910939987
0.6389298505065623 0.008067714694811268
0.6428379037624906 0.008615551159217638
0.6443030705304118 0.008823337221813832
0.647546868430037 0.009309275631134706
0.6517510074034644 0.00994036053462366
0.6523789141414231 0.01004337485602469
0.6536576007645404 0.01026822104978109
0.6590910738070506 0.01122467983798281
0.6613545911036266 0.011666499235570615
0.6624059366935406 0.011883048340896596
0.6632040760408774 0.012055901220286325
0.6646091870162819 0.012365419876724126
0.6667232731773548 0.01284080164402368
0.6677548512602778 0.013077668615625537
0.6686666635659952 0.013287955223923786
0.6757932723309417 0.01500443381145311
0.6797828353705448 0.015968848026991167
0.6819950027152252 0.016544991801982656
0.6844873234043801 0.017201552218567007
0.6856843501668874 0.017537490705520686
0.6879010505498879 0.01817939359155374
0.693254803056282 0.019735095911778355
0.6952242356075035 0.020326545977661592
0.7022311562306965 0.022525936564868565
0.7052526159560333 0.023500700873804403
0.7094662015030763 0.024884662219021303
0.7147502544141027 0.02669649273618846
0.7184183215317204 0.028006410561928985
0.718956042423684 0.028199004722476162
0.7203699466709751 0.02870966057752844
0.7220552542162239 0.02931946065631863
0.7237427061643118 0.029943389408359278
0.7299350558625844 0.0322462722992225
0.7313643791858608 0.03277821770094491
0.7321608032098826 0.033078346457527386
0.7369085351821907 0.03487402755573554
0.7386879357111676 0.035593781796195545
0.7403853458589349 0.03628393444631117
0.7418321465547054 0.036874915899904104
0.7430017575396655 0.03735300189377588
0.7448437399129704 0.0381111074285263
0.7483752035762571 0.03963733049264506
0.7551238045312366 0.0426388845480874
0.7565957893674307 0.04329608298115495
0.7584296781615106 0.044126490888081515
0.7648177735101891 0.04704585167773612
0.7658255803608629 0.04751449922527684
0.7680043077972979 0.048533584217517745
0.7713558651278528 0.05010952513946032
0.7750465181600327 0.051919075231630196
0.7799765492313957 0.05434081345206898
0.7856325861396438 0.05712683601241986
0.7863967290949828 0.057505706731492356
0.7902511600719619 0.05944980271296285
0.7936202095355062 0.06115504250393655
0.7957647806498012 0.06228916727246714
0.7972703419431543 0.06309887224917698
0.7987080535010801 0.06388160444717716
0.8012103899385585 0.06524794237863307
0.8051863521823068 0.06748599516013842
0.8067918957135807 0.06839106195633293
0.8111905378760441 0.07091272188684583
0.8119317577994563 0.07135729013492398
0.8123982015080611 0.07163999871647508
0.8140585496716082 0.07267566383458357
0.817341630526767 0.07473677820775337
0.8190480661636254 0.07581756581821275
0.8303856200786257 0.08304121004020593
0.8321760276961856 0.08420158360780872
0.8335465105637446 0.0850916918247544
0.834979304492742 0.08603992113993852
0.8357281918045635 0.08654255587482262
0.8394440520751224 0.08907521534439344
0.8394839156116073 0.08910251429401106
0.8439333069075274 0.09218366156195568
0.8449141720197246 0.09287425948758443
0.8485291795247791 0.09547547192831263
0.8489786521615718 0.0958105178981743
0.8500127735703044 0.09658625737661297
0.8524214541459885 0.09842169300551773
0.8542214496926566 0.09979462246817927
0.8550901672900794 0.1004597696763122
0.859480901675503 0.10386806298880924
0.8611096742324297 0.1051356977470761
0.8637501264268006 0.10727869203564289
0.8647871973512588 0.10820304342619746
0.8697154377952961 0.11273226497909061
0.8726963141481926 0.11547241036226186
0.8754386754856226 0.11804337637137319
0.8776405509673106 0.12015467251898049
0.8787290466369305 0.12127132162853516
0.8805963520714607 0.12331331948350177
0.8819642085450801 0.1248208059486502
0.8825874427954942 0.12554113758889718
0.8838951534196041 0.12706234686031703
0.886120535885804 0.129663469604677
0.8876597360926112 0.13147037886022372
0.8886619296922534 0.1326551195597223
0.8898531022377244 0.13408005720359129
0.8908894901712662 0.13532952867964088
0.8913840909730637 0.13594489506031449
0.8946278477534869 0.14005872257931995
0.8954288045781849 0.14107595714706744
0.8970023779407568 0.14308511950822977
0.900289939339523 0.1474630959987906
0.9011411401319052 0.1486044977602501
0.9018422874180896 0.1495485592105671
0.902839962045794 0.1509189689662842
0.9030874515799149 0.15126025267972731
0.9033165770694839 0.1515794962031175
0.9052904640359496 0.15437973740158473
0.9067733261779477 0.15649456102390535
0.9078755830293715 0.15811415612350987
0.908672678117942 0.15931026003419801
0.9097214513240434 0.16093018371103307
0.9117536917148923 0.16411650100048236
0.9127166090179443 0.16563377421491776
0.9129086703027827 0.16594559519547403
0.9197978283228547 0.17751616812446103
0.9221808756190331 0.18161075206849553
0.9229588504432291 0.18295162416383814
0.9242563418327339 0.185224895942248
0.9290023950557865 0.19363601805034825
0.9311238867608937 0.1974394408381599
0.9314725935838319 0.19806960117348993
0.932133556871355 0.19927406512318002
0.9328123832364984 0.20053811253077258
0.9332377278994541 0.2013399631667807
0.9340144972850775 0.20284111332813726
0.9364207691721823 0.20757590975461293
0.9377856241001151 0.21026441874442903
0.9387454104442281 0.2121907666458307
0.9396874885828095 0.2140823573036994
0.9412411414233358 0.21723605208868246
0.9428533386286732 0.22053017614632908
0.943444587130951 0.22178294074779725
0.9458515782651589 0.2270514053342002
0.9464196351538408 0.22829867989570185
0.9467507134712336 0.2290520367786355
0.949563933179499 0.23550596179582983
0.9498873844884935 0.23625138499705567
0.9508395242937263 0.23854133687141188
0.9524301095591654 0.24238021981011737
0.9533402028636481 0.24457790292360027
0.9550961388072977 0.24900038830518034
0.9555640523128127 0.2501968507843991
0.9564238114696779 0.2524237578703652
0.9568433829576556 0.25352385559044
0.9593482715260515 0.260152102122322
0.9609757084728123 0.2645015172803853
0.9616421535170584 0.2662868958538829
0.9623234642540534 0.2681391566234621
0.9636280108950233 0.27170514094618226
0.9655412578799922 0.2773568385463486
0.9660293875208206 0.2788203797771921
0.9693897234736765 0.28945061577125675
0.9696114681742843 0.29015242484539483
0.9710289060414589 0.2947591276869176
0.9718886728457975 0.29768361241878505
0.9728440206575694 0.3009725035599564
0.9735441026944771 0.3034394113898595
0.9743482852425124 0.30640803565679364
0.9749346621209939 0.3086312484465308
0.975981830500899 0.3127388970633129
0.9775366240384928 0.31887930384611585
0.9787448250314534 0.32367948049030826
0.9790305614069189 0.32481876540379084
0.9799329539885555 0.3285635572594502
0.981061864006993 0.33327143817828986
0.9812744888528644 0.33418981308166607
0.9816565567544357 0.33584260821638434
0.9826355236086343 0.34021198228691796
0.983603594255219 0.34461652716614843
0.9838789398988264 0.3458840091796396
0.9844895898242217 0.3489305093736016
0.9852618351556185 0.35286007419775944
0.9853170813732262 0.35314561078508766
0.9856785703813487 0.35508043882485074
0.9864230188699231 0.3593570814319682
0.9872806218880609 0.36438247050405903
0.9881565787719688 0.3695297060691797
0.9889261499175632 0.3741859144028037
0.9892504022392355 0.37616091713789435
0.9896308534285335 0.3784896489029428
0.9904203799356308 0.383400644294669
0.9907458085920414 0.3854602270727223
0.9913095353847847 0.38918656213238056
0.9916708028075338 0.39176446850832225
0.9921657254464347 0.3955306183334325
0.9922881622190939 0.3965108133330326
0.9927232498364598 0.40035178962620976
0.9933493595528762 0.40612006812926016
0.9934811618009902 0.40747927055625977
0.9938026185273423 0.41092770378726895
0.9938530450284855 0.4114710859444036
0.9947737508419836 0.4216883216566577
0.995029231836012 0.4248175196838275
0.9952386342665298 0.427482945154115
0.9954250813412384 0.4298912902545454
0.9956570925886905 0.4331339321101175
0.9961458218545026 0.44037349683324967
0.9963554545903002 0.44348270448961236
0.9966725200516092 0.44835339317140666
0.9968448445959209 0.4512856928035436
0.9971368209121593 0.45632116692699654
0.997438983849424 0.46166123598769493
0.9976570266043242 0.46561702253543147
0.9978598792835645 0.46941878981203244
0.998057333928418 0.47352724797708245
0.9982085314159487 0.47685652270575674
0.9982359507885121 0.4775416322018501
0.9984539890135647 0.4855993084382757
0.9984832752588642 0.48684370936616594
0.9985391882546273 0.48928390564080104
0.9986406357430512 0.49467902931379115
0.9987402704779762 0.5000269318020995
0.9987587273076126 0.5010812712646212
0.9987761630161426 0.5022365183697787
0.9988489549018599 0.5081997556116177
0.9988539995738811 0.5156876370023585
0.9988262961202036 0.5194274940343568
0.9987394022594656 0.5256903988875246
0.9986829326769889 0.5290040672211194
0.9984904671206363 0.5369088288501105
0.9984420354807808 0.5386321250031281
0.9981927834666187 0.5462301188425521
0.9980283475344205 0.5509031177101501
0.9980030650058612 0.551565270333079
0.9978108516998908 0.5565376144262593
0.9977189026435312 0.5588769239257144
0.9976742037077967 0.559859745488116
0.9976205742127503 0.5610309113088193
0.997253047501152 0.5672683046186597
0.9971098546940536 0.5695078048790781
0.9964371108433427 0.5790157754093334
0.9961611181920379 0.582675332321859
0.9956967057255363 0.5886079587797867
0.9955628783456648 0.5902281466620629
0.9949437234757265 0.5975914706742069
0.9947851783117206 0.5991811133558199
0.9946853407012864 0.6000584921179312
0.994513410406834 0.6015604003227002
0.9941796172415384 0.6042746478750439
0.9938883702997039 0.6064993974016356
0.9935048086054105 0.6094021998562087
0.9930696195232745 0.6126474026372201
0.992387684287093 0.6173519863782124
0.9911762536130964 0.6256133369316907
0.9910317242151176 0.6265895859051255
0.9902533119808978 0.6318290263038971
0.9901242971508046 0.632681570775628
0.9898837390954397 0.6342587096148389
0.9876434554958807 0.647904049861964
0.9864606189864662 0.6546344828171469
0.9858508713798765 0.6580678175670814
0.985472830928741 0.6601215975889946
0.9851458520193583 0.6618930217028898
0.9848046635630345 0.6637077855924346
0.984379278023919 0.6659321538036285
0.9826047839946928 0.6750527862151567
0.9816332071180212 0.6800112731164737
0.9804048743581415 0.6861838043739814
0.9794451751477141 0.6908563626467934
0.9780899022013367 0.6973877571048201
0.9772022709429877 0.701352195037262
0.9759726200750886 0.7066140100629251
0.9747661063616738 0.7115827337495142
0.9747389432911905 0.7116926828133423
0.9735261766398523 0.7165572822199956
0.9731202395014582 0.7180717133252125
0.972761202702404 0.7193662158251336
0.9714687715776943 0.7238854548099849
0.9711289954054769 0.7250089020750401
0.9702951903015244 0.7276580566068216
0.969515646911048 0.7301191958861191
0.9670086663540084 0.7380307943694655
0.9668201290449604 0.738622276016279
0.9666431557511574 0.739166352860674
0.9656186909821854 0.7422702284570208
0.9643096088117109 0.7461439645746787
0.9632005753584525 0.7494182613146202
0.9615676129470062 0.7540846784512619
0.9583525265811385 0.7626059008065031
0.957666163288091 0.7644049344300794
0.9557741785997862 0.7692976072417623
0.9530185614740704 0.7763485971490879
0.9527187826157875 0.7770990321265979
0.9523346708649272 0.7780131318881144
0.950919708082456 0.7813574279614762
0.9488133186599315 0.7863257143789731
0.9483919599545401 0.7873087666002094
0.9468636673162991 0.7907313127251653
0.945603533740166 0.7935321802386279
0.9434170719721533 0.7983400876210489
0.9411016829946118 0.8032230347590782
0.9384393579078691 0.8085778716793769
0.9377277885909557 0.8099195770178883
0.9374344424139978 0.8104593262899971
0.9366475701826139 0.8118903711970602
0.9347346852038809 0.8152504748126557
0.9330536240807589 0.8181363820508164
0.9327172643745125 0.8186916220918853
0.9319490545599567 0.819958005676409
0.9309692871972136 0.8215542409030462
0.9294569957195343 0.8240127426432265
0.9289749748217767 0.8247862991831424
0.9280237919731127 0.8262952468527851
0.9269083805011115 0.8280635890535973
0.9258219867982197 0.8297714444294539
0.9249868042359448 0.8310660753223401
0.9244266302132116 0.831930223301079
0.9235280323372799 0.8333034918933883
0.9213945327743104 0.836552355414251
0.9211029357449674 0.8369870999496858
0.9178814301143294 0.841712148843706
0.9160532313321318 0.8443011849725379
0.9142010408678589 0.8468626150712307
0.9139383603847682 0.8472178926732987
0.9137641875311329 0.8474477083515065
0.9131047509042984 0.8482939075799132
0.9111891069710915 0.8507075560602111
0.9100862178597227 0.8520688879110162
0.9086941506058385 0.8537806803688859
0.9075570510972213 0.8551329496137209
0.9067587531259285 0.8560577834892728
0.9043222138952997 0.8588018497611587
0.9020990269276151 0.8612754747178206
0.9018467842358383 0.8615537506745983
0.9007097463773385 0.862785565346762
0.9006167936812232 0.8628836490258757
0.8987500631212919 0.8648155440375771
0.8961494967223463 0.8674321029997429
0.8932654026393161 0.8703150941735648
0.8913897812386113 0.8721891084029683
0.8897128315687027 0.8738543601249354
0.8863940469913439 0.8771306699391248
0.8855447769455538 0.877955382615107
0.8810543540191396 0.8822958160254817
0.8781288512511108 0.8850659875447261
0.8769147094272116 0.8862150449623347
0.8742452411533125 0.8886209919544622
0.8720626337694856 0.8905412928359259
0.8683548535920126 0.8936298936504046
0.8626780261891411 0.8983480374488133
0.861871384742753 0.8990109624203827
0.8606529168165358 0.8999984916796122
0.8591640915778361 0.90117408250583
0.8570614301444565 0.902820893050208
0.8547721895932322 0.9045931882114875
0.8525079149692198 0.9062845155802243
0.8506139384418151 0.9076940496724332
0.8465449428637956 0.9106962530319506
0.8420841687527961 0.9139097628453161
0.8402725666945647 0.9152071168845336
0.8387898666536395 0.91626185368666
0.8366027226849739 0.9177713401370673
0.8358330819611479 0.9182941515543438
0.8352218184083786 0.9186909896585751
0.8345012389652455 0.9191421118019527
0.8305526312877525 0.9216100927079941
0.826436129024312 0.9241121813677096
0.8248934384496656 0.9250442368788243
0.821431123173684 0.9271298053470581
0.8197543860065485 0.9281395974334271
0.8146915243843921 0.9311430041508678
0.8105406380698211 0.9335932172435117
0.8088993440235551 0.9345349135743802
0.8059227339931733 0.936126592930733
0.8033655412861215 0.9374368234569667
0.8016488672491736 0.938285062126599
0.7983940991142473 0.9398789966450043
0.7951994748025875 0.941387731455366
0.7889602044878888 0.9443061497614555
0.7843213397286538 0.9464581931709112
0.7814442626815445 0.9477897561170799
0.778818079909225 0.9489272793275406
0.7781587205530065 0.9492108461513977
0.7741980950880316 0.9508794646118782
0.7736264364182849 0.9511145902727204
0.7656510508470458 0.9543601895573499
0.7640331368638088 0.9550075304099607
0.7612238510518792 0.9561181289637607
0.7599019477070507 0.9566276449902897
0.7510554840960962 0.9600047602442341
0.7509367860272522 0.9600495400459234
0.7479197138448129 0.9611537322251477
0.747273698299854 0.9613896153146462
0.7444463717913142 0.9623903884949091
0.7406917533116064 0.9636362340663814
0.7389866496451013 0.9642005178428955
0.7382030203298522 0.9644551053432111
0.7359975687409401 0.9651553520961031
0.7326507215635278 0.9662078978498094
0.7319125663502121 0.96643816617188
0.7281139357104449 0.9676170110114534
0.7276242830335787 0.9677557621327143
0.7232725628238102 0.9689724153137158
0.7158708095262877 0.9710229700090146
0.7128612082543523 0.9718398842271179
0.7109782711632637 0.9723400617898131
0.7099710321458907 0.9725939521171945
0.7071358320237205 0.9732942139952168
0.7006154221296031 0.9748722561514888
0.6937487886884705 0.9765065674295974
0.692117990491026 0.9768894718786661
0.6881308856244535 0.9778215195000719
0.6806037884885561 0.9795302122319884
0.6780206361241201 0.9801119025410374
0.6731204555384337 0.9812046641712201
0.6724701308054898 0.981347725960257
0.669473181306921 0.9820021288357261
0.6683058016825247 0.9822569936117361
0.6651814219991576 0.982929357246572
0.6640359351803663 0.9831695995774203
0.6625873226787339 0.9834674955454802
0.6541575923362428 0.9851829437439216
0.6470355817270965 0.9865529476013823
0.644568130173333 0.9870177633600984
0.6393443551965985 0.9879479158576394
0.6361314073052253 0.9884845323079059
0.6347269871132211 0.9887101219874792
0.6344421782886295 0.9887547278139962
0.6278805101053793 0.9897344949610398
0.6217792287758266 0.9906211501802967
0.6207280226452806 0.9907695876653398
0.605148712908646 0.99280213702576
0.6045919241091424 0.992870378385582
0.5970608369693848 0.9937916073429578
0.5904245551075463 0.9945938102437225
0.5880851640417877 0.9948756165994413
0.5864077742408099 0.9950667832908957
0.5846986163704389 0.9952563567302367
0.5830165017844314 0.995419475953446
0.5786681395872355 0.9958324052680695
0.5713610524842156 0.9964943172978598
0.5649772017296077 0.9970385586696051
0.5612399579740955 0.9973055435465377
0.5574692780640551 0.9975669073994556
0.5553367147160464 0.9976897403894546
0.5529107432646277 0.9978253717750691
0.5516050493188693 0.9978968657902758
0.5514019504147879 0.9979071663232809
0.5496768061057269 0.9979936453257914
0.5453424285265898 0.9981871344940154
0.5436826438752532 0.9982549891466006
0.540708010159633 0.9983591483798312
0.5387070643627578 0.9984267247508902
0.5317077233575536 0.9986583557265951
0.53086538807368 0.9986840446636559
0.5297680145059392 0.9987105411586464
0.5278508100535361 0.998754183348392
0.5212785153063306 0.9988893356941839
0.5126628257012458 0.9990658104479933
0.5115391403653425 0.9990872979132819
0.5078282334293073 0.9991440088759934
0.5059258904914049 0.9991707192114103
0.4999938125664929 0.9992165208496542
0.4990705887722272 0.9992231494108361
0.4969261417384334 0.9992276441482191
0.49140166057327705 0.9992369173437289
0.4890394280763909 0.9992379391607712
