1.0 0.5
0.9999956135155689 0.5001995037184487
0.9999824541392404 0.5003990039364176
0.9999605221019081 0.5005984971534883
0.9999298177883902 0.5007979798693651
0.9998903417374227 0.5009974485839369
0.99984209464165 0.501196899797338
0.9997850773476125 0.5013963300100097
0.9997192908557322 0.5015957357227621
0.9996447363202946 0.5017951134368348
0.9995614150494292 0.501994459653959
0.9994693285050857 0.5021937708764183
0.9993684783030088 0.5023930436071103
0.99925886621271 0.5025922743496084
0.999140494157436 0.502791459608222
0.9990133642141358 0.5029905958880593
0.9988774786134234 0.5031896796950873
0.9987328397395389 0.503388707536194
0.998579450130307 0.5035876759192495
0.9984173124770923 0.5037865813531666
0.9982464296247522 0.503985420347963
0.9980668045715864 0.5041841894148222
0.9978784404692846 0.5043828850661546
0.997681340622872 0.5045815038156585
0.9974755084906501 0.5047800421783818
0.9972609476841366 0.5049784966707827
0.9970376619680024 0.5051768638107911
0.9968056552600042 0.5053751401178693
0.9965649316309177 0.5055733221130739
0.9963154953044646 0.5057714063191158
0.996057350657239 0.5059693892604217
0.9957905022186309 0.5061672674631955
0.9955149546707465 0.5063650374554785
0.9952307128483256 0.5065626957672105
0.9949377817386579 0.5067602389302914
0.9946361664814942 0.506957663478641
0.994325872368957 0.5071549659482605
0.9940069048454476 0.507352142877293
0.9936792695075503 0.5075491908060845
0.993342972103934 0.5077461062772443
0.9929980185352525 0.5079428858357056
0.9926444148540393 0.5081395260287868
0.9922821672646027 0.5083360234062511
0.9919112821229163 0.5085323745203678
0.9915317659365077 0.5087285759259726
0.9911436253643444 0.5089246241805279
0.9907468672167166 0.5091205158441829
0.9903414984551178 0.509316247479835
0.9899275261921234 0.5095118156531889
0.9895049576912649 0.5097072169328178
0.9890738003669028 0.5099024478902229
0.9886340617840967 0.5100975050998939
0.9881857496584725 0.5102923851393694
0.9877288718560866 0.510487084589296
0.9872634363932886 0.5106816000334897
0.9867894514365801 0.5108759280589943
0.9863069253024718 0.5110700652561425
0.985815866457337 0.5112640082186151
0.9853162835172637 0.511457753543501
0.9848081852479029 0.5116512978313568
0.9842915805643155 0.5118446376862663
0.983766478530815 0.5120377697159006
0.9832328883608088 0.5122306905315772
0.9826908194166369 0.5124233967483194
0.9821402812094073 0.512615884984916
0.9815812833988291 0.5128081518639801
0.9810138357930429 0.5130001940120094
0.9804379483484493 0.5131920080594441
0.9798536311695334 0.5133835906407269
0.9792608945086879 0.5135749383943619
0.9786597487660337 0.5137660479629731
0.9780502044892363 0.513956915993364
0.9774322723733215 0.5141475391365762
0.976805963260488 0.5143379140479476
0.9761712881399164 0.5145280373871721
0.9755282581475768 0.5147179058183573
0.9748768845660335 0.5149075160100837
0.9742171788242466 0.5150968646354623
0.9735491524973723 0.5152859483721944
0.9728728173065584 0.5154747639026283
0.9721881851187406 0.5156633079138183
0.9714952679464324 0.5158515770975831
0.9707940779475152 0.5160395681505634
0.9700846274250252 0.5162272777742798
0.9693669288269371 0.5164147026751909
0.9686409947459458 0.5166018395647511
0.9679068379192455 0.5167886851594682
0.9671644712283061 0.516975236180961
0.9664139076986473 0.5171614893560169
0.9656551604996102 0.5173474414166492
0.9648882429441257 0.5175330891001548
0.9641131684884817 0.517718429149171
0.963329950732086 0.5179034583117327
0.9625386034172291 0.5180881733413298
0.9617391404288411 0.518272570996964
0.9609315757942503 0.5184566480432053
0.9601159236829353 0.5186404012502495
0.959292198406277 0.5188238273939741
0.9584604144173082 0.5190069232559956
0.9576205863104588 0.5191896856237252
0.9567727288213004 0.519372111290426
0.9559168568262879 0.5195541970552685
0.9550529853424978 0.5197359397233873
0.9541811295273656 0.5199173361059366
0.9533013046784189 0.520098383020147
0.9524135262330098 0.5202790772893806
0.9515178097680437 0.5204594157431869
0.9506141709997057 0.5206393952173587
0.9497026257831855 0.5208190125539874
0.9487831901123988 0.5209982646015183
0.9478558801197065 0.5211771482148062
0.9469207120756319 0.5213556602551703
0.9459777023885755 0.5215337975904495
0.9450268676045264 0.5217115570950572
0.9440682244067724 0.5218889356500362
0.9431017896156073 0.5220659301431135
0.9421275801880362 0.5222425374687546
0.9411456132174767 0.5224187545282185
0.9401559059334601 0.5225945782296115
0.9391584757013289 0.5227700054879421
0.9381533400219317 0.5229450332251743
0.9371405165313169 0.5231196583702824
0.9361200230004219 0.5232938778593046
0.935091877334763 0.5234676886353965
0.9340560975741197 0.5236410876488851
0.9330127018922194 0.523814071857322
0.9319617085964177 0.5239866382255371
0.9309031361273775 0.5241587837256918
0.9298370030587455 0.5243305053373316
0.9287633280968262 0.5245018000474401
0.9276821300802534 0.5246726648504907
0.9265934279796602 0.5248430967485004
0.9254972408973459 0.5250130927510815
0.9243935880669409 0.5251826498754951
0.923282488853069 0.5253517651467021
0.9221639627510075 0.5255204355974167
0.9210380293863462 0.5256886582681576
0.9199047085146415 0.5258564302073003
0.9187640200210709 0.5260237484711288
0.9176159839200837 0.5261906101238872
0.9164606203550498 0.5263570122378315
0.9152979495979063 0.5265229518932804
0.9141279920488021 0.5266884261786671
0.9129507682357393 0.5268534321905901
0.9117662988142137 0.5270179670338642
0.9105746045668521 0.5271820278215713
0.9093757064030473 0.527345611675111
0.908169625358592 0.5275087157242512
0.9069563825953091 0.5276713371071784
0.9057359994006804 0.5278334729705481
0.9045084971874737 0.5279951204695342
0.9032738974933663 0.52815627676788
0.9020322219805674 0.5283169390379471
0.9007834924354383 0.5284771044607652
0.89952773076811 0.528636770226082
0.8982649590120981 0.5287959335324117
0.8969951993239178 0.5289545915870849
0.8957184739826929 0.5291127416062974
0.894434805389767 0.5292703808151585
0.8931442160683094 0.5294275064477407
0.8918467286629199 0.5295841157471275
0.8905423659392315 0.5297402059654617
0.8892311507835118 0.529895774363994
0.8879131062022597 0.5300508182131312
0.8865882553218036 0.5302053347924833
0.8852566213878946 0.5303593213909124
0.8839182277652987 0.5305127753065788
0.8825730979373871 0.53066569384699
0.8812212555057239 0.5308180743290466
0.8798627241896524 0.5309699140790903
0.8784975278258782 0.5311212104329502
0.877125690368052 0.5312719607359899
0.8757472358863481 0.5314221623431541
0.8743621885670432 0.5315718126190145
0.8729705727120911 0.531720908937817
0.8715724127386972 0.5318694486835266
0.8701677331788891 0.5320174292498743
0.8687565586790869 0.5321648480404022
0.8673389139996708 0.5323117024685096
0.8659148240145456 0.5324579899574976
0.8644843137107059 0.5326037079406152
0.8630474081877959 0.5327488538611037
0.8616041326576711 0.5328934251722417
0.8601545124439536 0.5330374193373901
0.8586985729815894 0.5331808338300363
0.8572363398164017 0.5333236661338384
0.8557678386046428 0.5334659137426698
0.8542930951125431 0.5336075741606628
0.8528121352158604 0.5337486449022525
0.8513249848994247 0.5338891234922204
0.8498316702566827 0.5340290074657379
0.8483322174892405 0.5341682943684097
0.8468266529064025 0.5343069817563163
0.8453150029247115 0.5344450671960574
0.8437972940674837 0.5345825482647947
0.8422735529643444 0.5347194225502937
0.84074380635076 0.5348556876509669
0.8392080810675691 0.5349913411759151
0.8376664040605122 0.5351263807449702
0.8361188023797581 0.5352608039887362
0.8345653031794291 0.5353946085486313
0.8330059337171258 0.5355277920769291
0.8314407213534476 0.5356603522367995
0.8298696935515131 0.5357922867023505
0.8282928778764782 0.5359235931586678
0.8267103019950528 0.5360542693018567
0.8251219936750145 0.5361843128390819
0.8235279807847222 0.5363137214886072
0.8219282912926269 0.5364424929798369
0.8203229532667808 0.5365706250533542
0.8187119948743449 0.5366981154609617
0.8170954443810949 0.5368249619657207
0.8154733301509249 0.5369511623419904
0.8138456806453502 0.5370767143754667
0.812212524423008 0.5372016158632216
0.8105738901391553 0.5373258646137413
0.8089298065451671 0.537449458446965
0.8072803024880323 0.5375723951943229
0.8056254069098459 0.5376946726987746
0.8039651488473026 0.5378162888148466
0.8022995574311874 0.53793724140867
0.8006286618858633 0.5380575283580182
0.7989524915287595 0.5381771475523439
0.7972710757698567 0.5382960968928162
0.795584444111171 0.5384143742923573
0.7938926261462366 0.5385319776756793
0.792195651559586 0.5386489049793206
0.79049355012623 0.538765154151682
0.7887863517111338 0.5388807231530628
0.7870740862686949 0.5389956099556965
0.7853567838422159 0.5391098125437863
0.7836344745633783 0.5392233289135409
0.7819071886517134 0.5393361570732088
0.7801749564140723 0.5394482950431145
0.778437808244094 0.5395597408556921
0.776695774621672 0.5396704925555202
0.7749488861124199 0.5397805481993564
0.7731971733671346 0.5398899058561712
0.7714406671212588 0.539998563607182
0.7696793981943417 0.5401065195458867
0.7679133974894984 0.5402137717780972
0.766142695992867 0.5403203184219723
0.7643673247730658 0.5404261576080513
0.7625873149806479 0.5405312874792866
0.7608026978475539 0.5406357061910758
0.7590135046865651 0.5407394119112947
0.7572197668907532 0.5408424028203294
0.7554215159329299 0.5409446771111076
0.7536187833650946 0.541046232989131
0.7518116008178805 0.5411470686725067
0.75 0.5412471823919778
0.7481840126976884 0.5413465723909554
0.7463636707741458 0.5414452369255487
0.7445390061689782 0.5415431742645959
0.742710050897637 0.5416403826896945
0.7408768370508577 0.5417368604952317
0.7390393967940961 0.5418326059884138
0.7371977623669648 0.5419276174892963
0.7353519660826663 0.5420218933308134
0.7335020403274277 0.5421154318588072
0.7316480175599309 0.5422082314320562
0.729789930310744 0.5423002904223051
0.72792781118175 0.5423916072142925
0.7260616928455754 0.5424821802057795
0.7241916080450161 0.5425720078075784
0.7223175895924637 0.5426610884435795
0.7204396703693293 0.5427494205507795
0.7185578833254664 0.5428370025793087
0.7166722614785936 0.5429238329924583
0.7147828379137142 0.5430099102667073
0.7128896457825363 0.5430952328917493
0.7109927183028915 0.5431797993705187
0.7090920887581509 0.5432636082192174
0.707187790496642 0.5433466579673405
0.705279856931064 0.5434289471577024
0.7033683215379001 0.543510474346462
0.7014532178568313 0.5435912381031484
0.6995345794901476 0.5436712370106855
0.6976124401021583 0.5437504696654178
0.6956868334186013 0.543828934677134
0.6937577932260516 0.5439066306690917
0.6918253533713283 0.5439835562780421
0.6898895477609006 0.544059710154253
0.6879504103602934 0.5441350909615335
0.6860079751934908 0.5442096973772563
0.684062276342339 0.5442835280923823
0.6821133479459491 0.544356581811482
0.6801612242000974 0.5444288572527597
0.6782059393566253 0.5445003531480749
0.6762475277228392 0.5445710682429649
0.6742860236609076 0.5446410012966673
0.6723214615872586 0.5447101510821408
0.6703538759719759 0.5447785163860879
0.6683833013381942 0.544846096008975
0.6664097722614933 0.5449128887650545
0.6644333233692916 0.5449788934823846
0.6624539893402384 0.5450441090028507
0.6604718049036047 0.5451085341821854
0.6584868048386758 0.5451721678899885
0.6564990239741391 0.5452350090097469
0.6545084971874737 0.5452970564388542
0.6525152594043389 0.5453583090886301
0.6505193455979603 0.5454187658843396
0.6485207907885175 0.5454784257652112
0.6465196300425288 0.5455372876844565
0.6445158984722358 0.5455953506092881
0.642509631234988 0.5456526135209372
0.6405008635326256 0.5457090754146726
0.6384896306108613 0.5457647352998173
0.6364759677586627 0.5458195921997664
0.6344599103076328 0.5458736451520042
0.6324414936313904 0.545926893208121
0.6304207531449485 0.5459793354338297
0.6283977243040939 0.5460309709089822
0.6263724426047648 0.5460817987275858
0.6243449435824274 0.5461318179978186
0.6223152628114537 0.5461810278420457
0.6202834359044959 0.5462294273968342
0.6182494985118624 0.5462770158129686
0.616213486320892 0.5463237922554656
0.6141754350553279 0.5463697559035883
0.6121353804746906 0.5464149059508616
0.6100933583736508 0.5464592416050857
0.6080494045814011 0.5465027620883499
0.6060035549610274 0.5465454666370464
0.6039558454088797 0.5465873545018839
0.6019063118539425 0.5466284249479005
0.5998549902572035 0.5466686772544769
0.5978019166110242 0.5467081107153484
0.5957471269385065 0.5467467246386182
0.5936906572928624 0.5467845183467686
0.59163254375678 0.5468214911766734
0.5895728224417911 0.5468576424796101
0.5875115294876381 0.5468929716212698
0.5854487010616384 0.5469274779817698
0.5833843733580512 0.5469611609556634
0.5813185825974417 0.5469940199519515
0.5792513650260465 0.5470260543940921
0.5771827569151355 0.5470572637200108
0.5751127945603787 0.5470876473821109
0.5730415142812059 0.5471172048472823
0.5709689524201723 0.5471459355969118
0.5688951453423191 0.5471738391268912
0.5668201294345362 0.5472009149476272
0.5647439411049235 0.5472271625840489
0.5626666167821521 0.5472525815756171
0.5605881929148253 0.5472771714763315
0.5585087059708388 0.5473009318547394
0.5564281924367409 0.5473238622939427
0.5543466888170925 0.5473459623916053
0.5522642316338269 0.5473672317599603
0.5501808574256074 0.5473876700258166
0.548096602747189 0.5474072768305657
0.5460115041687736 0.5474260518301878
0.5439255982753716 0.5474439946952581
0.5418389216661579 0.5474611051109519
0.5397515109538299 0.5474773827770512
0.5376634027639664 0.5474928274079489
0.5355746337343835 0.5475074387326545
0.5334852405144925 0.5475212164947987
0.5313952597646566 0.5475341604526377
0.5293047281555483 0.5475462703790576
0.5272136823675045 0.5475575460615784
0.5251221590898847 0.5475679873023576
0.5230301950204261 0.5475775939181939
0.5209378268645998 0.5475863657405302
0.5188450913349674 0.5475943026154568
0.5167520251505358 0.5476014044037135
0.5146586650361142 0.5476076709806931
0.5125650477216688 0.5476131022364423
0.5104712099416785 0.547617698075665
0.5083771884344908 0.5476214584177225
0.5062830199416763 0.5476243831966362
0.5041887412073853 0.5476264723610883
0.502094388977702 0.5476277258744222
0.5 0.547628143714644
0.497905611022298 0.5476277258744222
0.4958112587926148 0.5476264723610883
0.49371698005832365 0.5476243831966362
0.4916228115655094 0.5476214584177225
0.48952879005832156 0.547617698075665
0.4874349522783313 0.5476131022364423
0.4853413349638859 0.5476076709806931
0.48324797484946436 0.5476014044037135
0.4811549086650327 0.5475943026154568
0.47906217313540017 0.5475863657405302
0.4769698049795739 0.5475775939181939
0.47487784091011515 0.5475679873023576
0.4727863176324955 0.5475575460615784
0.4706952718444517 0.5475462703790576
0.46860474023534343 0.5475341604526377
0.4665147594855076 0.5475212164947987
0.4644253662656167 0.5475074387326545
0.4623365972360337 0.5474928274079489
0.46024848904617016 0.5474773827770512
0.45816107833384234 0.5474611051109519
0.4560744017246284 0.5474439946952581
0.4539884958312264 0.5474260518301878
0.45190339725281126 0.5474072768305657
0.4498191425743926 0.5473876700258166
0.44773576836617324 0.5473672317599603
0.4456533111829075 0.5473459623916053
0.44357180756325915 0.5473238622939427
0.4414912940291614 0.5473009318547394
0.43941180708517474 0.5472771714763315
0.4373333832178479 0.5472525815756171
0.43525605889507657 0.5472271625840489
0.4331798705654638 0.5472009149476272
0.431104854657681 0.5471738391268912
0.4290310475798278 0.5471459355969118
0.42695848571879425 0.5471172048472823
0.42488720543962144 0.5470876473821109
0.4228172430848645 0.5470572637200108
0.42074863497395365 0.5470260543940921
0.4186814174025583 0.5469940199519515
0.4166156266419489 0.5469611609556635
0.4145512989383616 0.5469274779817698
0.41248847051236204 0.5468929716212698
0.41042717755820884 0.5468576424796101
0.40836745624322024 0.5468214911766734
0.4063093427071377 0.5467845183467686
0.4042528730614935 0.5467467246386182
0.4021980833889759 0.5467081107153484
0.40014500974279654 0.5466686772544769
0.3980936881460576 0.5466284249479005
0.3960441545911204 0.5465873545018839
0.3939964450389727 0.5465454666370464
0.3919505954185989 0.5465027620883499
0.38990664162634925 0.5464592416050857
0.3878646195253094 0.5464149059508616
0.3858245649446722 0.5463697559035883
0.383786513679108 0.5463237922554656
0.38175050148813766 0.5462770158129686
0.3797165640955042 0.5462294273968342
0.3776847371885464 0.5461810278420457
0.3756550564175726 0.5461318179978186
0.37362755739523545 0.5460817987275858
0.3716022756959061 0.5460309709089822
0.36957924685505145 0.5459793354338297
0.36755850636860965 0.545926893208121
0.36554008969236707 0.5458736451520042
0.36352403224133745 0.5458195921997664
0.36151036938913883 0.5457647352998173
0.35949913646737464 0.5457090754146726
0.35749036876501195 0.5456526135209372
0.3554841015277642 0.5455953506092881
0.35348036995747134 0.5455372876844565
0.35147920921148257 0.5454784257652112
0.3494806544020398 0.5454187658843396
0.34748474059566126 0.5453583090886301
0.3454915028125263 0.5452970564388542
0.3435009760258608 0.5452350090097469
0.3415131951613242 0.5451721678899885
0.3395281950963952 0.5451085341821854
0.33754601065976186 0.5450441090028507
0.3355666766307084 0.5449788934823846
0.33359022773850666 0.5449128887650545
0.3316166986618059 0.5448460960089752
0.32964612402802423 0.544778516386088
0.32767853841274147 0.5447101510821408
0.3257139763390924 0.5446410012966673
0.32375247227716075 0.5445710682429649
0.32179406064337457 0.5445003531480749
0.3198387757999027 0.5444288572527597
0.31788665205405087 0.544356581811482
0.31593772365766115 0.5442835280923823
0.3139920248065093 0.5442096973772563
0.31204958963970675 0.5441350909615335
0.3101104522390995 0.544059710154253
0.3081746466286719 0.5439835562780421
0.3062422067739486 0.5439066306690917
0.3043131665813988 0.543828934677134
0.3023875598978417 0.5437504696654178
0.30046542050985237 0.5436712370106855
0.2985467821431687 0.5435912381031484
0.29663167846209987 0.543510474346462
0.29472014306893607 0.5434289471577024
0.29281220950335796 0.5433466579673405
0.29090791124184934 0.5432636082192174
0.28900728169710865 0.5431797993705187
0.28711035421746384 0.5430952328917493
0.2852171620862859 0.5430099102667073
0.28332773852140636 0.5429238329924583
0.2814421166745336 0.5428370025793087
0.2795603296306708 0.5427494205507795
0.2776824104075364 0.5426610884435795
0.27580839195498397 0.5425720078075784
0.2739383071544248 0.5424821802057795
0.2720721888182501 0.5423916072142925
0.2702100696892561 0.5423002904223051
0.26835198244006925 0.5422082314320562
0.2664979596725724 0.5421154318588072
0.26464803391733366 0.5420218933308134
0.2628022376330354 0.5419276174892963
0.2609606032059039 0.5418326059884138
0.2591231629491423 0.5417368604952316
0.257289949102363 0.5416403826896945
0.25546099383102183 0.5415431742645959
0.2536363292258542 0.5414452369255487
0.2518159873023116 0.5413465723909554
0.2500000000000001 0.5412471823919778
0.24818839918211955 0.5411470686725067
0.24638121663490542 0.541046232989131
0.2445784840670701 0.5409446771111076
0.24278023310924673 0.5408424028203294
0.24098649531343497 0.5407394119112947
0.2391973021524461 0.5406357061910758
0.23741268501935225 0.5405312874792866
0.2356326752269342 0.5404261576080513
0.23385730400713317 0.5403203184219723
0.23208660251050178 0.5402137717780972
0.2303206018056585 0.5401065195458867
0.22855933287874136 0.539998563607182
0.2268028266328655 0.5398899058561712
0.22505111388758026 0.5397805481993564
0.223304225378328 0.5396704925555202
0.22156219175590597 0.5395597408556921
0.2198250435859277 0.5394482950431145
0.21809281134828662 0.5393361570732088
0.2163655254366217 0.5392233289135409
0.2146432161577842 0.5391098125437863
0.21292591373130515 0.5389956099556965
0.2112136482888663 0.5388807231530628
0.2095064498737701 0.538765154151682
0.20780434844041384 0.5386489049793206
0.2061073738537635 0.5385319776756793
0.20441555588882898 0.5384143742923573
0.20272892423014344 0.5382960968928162
0.20104750847124053 0.5381771475523439
0.19937133811413682 0.5380575283580182
0.19770044256881258 0.53793724140867
0.19603485115269742 0.5378162888148466
0.1943745930901542 0.5376946726987746
0.19271969751196794 0.5375723951943229
0.19107019345483284 0.537449458446965
0.18942610986084485 0.5373258646137413
0.1877874755769922 0.5372016158632216
0.18615431935464982 0.5370767143754667
0.18452666984907534 0.5369511623419904
0.18290455561890528 0.5368249619657207
0.18128800512565513 0.5366981154609617
0.17967704673321933 0.5365706250533542
0.17807170870737316 0.5364424929798369
0.17647201921527772 0.5363137214886072
0.17487800632498557 0.5361843128390819
0.17328969800494726 0.5360542693018567
0.17170712212352168 0.5359235931586678
0.17013030644848698 0.5357922867023505
0.1685592786465524 0.5356603522367995
0.16699406628287422 0.5355277920769291
0.16543469682057083 0.5353946085486313
0.16388119762024211 0.5352608039887362
0.16233359593948782 0.5351263807449702
0.16079191893243094 0.5349913411759152
0.15925619364924015 0.5348556876509669
0.15772644703565564 0.5347194225502937
0.1562027059325164 0.5345825482647947
0.1546849970752885 0.5344450671960574
0.1531733470935976 0.5343069817563163
0.15166778251075957 0.5341682943684097
0.15016832974331734 0.534029007465738
0.1486750151005754 0.5338891234922204
0.1471878647841398 0.5337486449022525
0.14570690488745702 0.5336075741606628
0.14423216139535733 0.5334659137426698
0.14276366018359837 0.5333236661338385
0.14130142701841075 0.5331808338300363
0.13984548755604648 0.5330374193373901
0.13839586734232906 0.5328934251722417
0.13695259181220404 0.5327488538611037
0.13551568628929417 0.5326037079406152
0.13408517598545444 0.5324579899574976
0.13266108600032916 0.5323117024685096
0.1312434413209131 0.5321648480404022
0.12983226682111093 0.5320174292498743
0.12842758726130293 0.5318694486835266
0.12702942728790895 0.531720908937817
0.12563781143295688 0.5315718126190145
0.12425276411365199 0.5314221623431541
0.12287430963194801 0.5312719607359899
0.12150247217412186 0.5311212104329502
0.12013727581034761 0.5309699140790903
0.11877874449427611 0.5308180743290467
0.11742690206261291 0.53066569384699
0.11608177223470134 0.5305127753065788
0.11474337861210537 0.5303593213909124
0.11341174467819648 0.5302053347924833
0.11208689379774034 0.5300508182131312
0.11076884921648833 0.529895774363994
0.10945763406076842 0.5297402059654617
0.10815327133708008 0.5295841157471275
0.10685578393169054 0.5294275064477407
0.105565194610233 0.5292703808151585
0.10428152601730717 0.5291127416062974
0.10300480067608225 0.5289545915870849
0.10173504098790187 0.5287959335324117
0.10047226923189007 0.528636770226082
0.09921650756456174 0.5284771044607652
0.09796777801943268 0.5283169390379471
0.09672610250663366 0.52815627676788
0.09549150281252633 0.5279951204695342
0.09426400059931955 0.5278334729705481
0.09304361740469097 0.5276713371071784
0.09183037464140803 0.5275087157242512
0.09062429359695273 0.527345611675111
0.08942539543314793 0.5271820278215713
0.08823370118578633 0.5270179670338643
0.08704923176426071 0.5268534321905901
0.08587200795119804 0.5266884261786671
0.08470205040209366 0.5265229518932804
0.08353937964495023 0.5263570122378315
0.08238401607991647 0.5261906101238872
0.08123597997892912 0.5260237484711288
0.0800952914853586 0.5258564302073003
0.0789619706136539 0.5256886582681576
0.07783603724899246 0.5255204355974167
0.07671751114693115 0.5253517651467021
0.07560641193305911 0.5251826498754951
0.07450275910265403 0.5250130927510815
0.07340657202033984 0.5248430967485004
0.0723178699197467 0.5246726648504907
0.07123667190317379 0.5245018000474401
0.07016299694125444 0.5243305053373316
0.06909686387262243 0.5241587837256918
0.06803829140358231 0.5239866382255371
0.06698729810778059 0.523814071857322
0.06594390242588039 0.5236410876488851
0.0649081226652371 0.5234676886353965
0.0638799769995782 0.5232938778593046
0.06285948346868314 0.5231196583702824
0.06184665997806821 0.5229450332251743
0.060841524298671124 0.5227700054879421
0.059844094066539844 0.5225945782296115
0.05885438678252336 0.5224187545282185
0.05787241981196384 0.5222425374687546
0.056898210384392744 0.5220659301431135
0.05593177559322776 0.5218889356500362
0.0549731323954738 0.5217115570950572
0.05402229761142463 0.5215337975904496
0.05307928792436811 0.5213556602551703
0.052144119880293605 0.5211771482148062
0.051216809887601245 0.5209982646015183
0.05029737421681446 0.5208190125539874
0.04938582900029431 0.5206393952173588
0.04848219023195638 0.5204594157431869
0.047586473766990156 0.5202790772893806
0.04669869532158116 0.520098383020147
0.04581887047263444 0.5199173361059366
0.044947014657502116 0.5197359397233873
0.044083143173712036 0.5195541970552685
0.04322727117869962 0.519372111290426
0.04237941368954118 0.5191896856237252
0.041539585582691885 0.5190069232559956
0.04070780159372289 0.5188238273939741
0.039884076317064754 0.5186404012502495
0.0390684242057498 0.5184566480432053
0.038260859571158934 0.518272570996964
0.03746139658277087 0.5180881733413298
0.036670049267913896 0.5179034583117327
0.03588683151151845 0.517718429149171
0.035111757055874326 0.5175330891001548
0.0343448395003898 0.5173474414166492
0.03358609230135279 0.5171614893560169
0.03283552877169399 0.516975236180961
0.03209316208075458 0.5167886851594682
0.03135900525405422 0.5166018395647511
0.03063307117306291 0.5164147026751909
0.02991537257497484 0.5162272777742798
0.029205922052484956 0.5160395681505634
0.028504732053567683 0.5158515770975831
0.027811814881259445 0.5156633079138183
0.02712718269344161 0.5154747639026283
0.026450847502627772 0.5152859483721944
0.025782821175753368 0.5150968646354623
0.025123115433966614 0.5149075160100837
0.02447174185242318 0.5147179058183573
0.023828711860083618 0.5145280373871721
0.023194036739512036 0.5143379140479476
0.022567727626678524 0.5141475391365762
0.02194979551076376 0.513956915993364
0.021340251233966323 0.5137660479629731
0.020739105491312082 0.5135749383943619
0.02014636883046672 0.5133835906407269
0.019562051651550727 0.5131920080594441
0.01898616420695709 0.5130001940120094
0.018418716601171004 0.5128081518639802
0.017859718790592616 0.512615884984916
0.01730918058336306 0.5124233967483194
0.016767111639191257 0.5122306905315772
0.016233521469184997 0.5120377697159006
0.015708419435684406 0.5118446376862663
0.015191814752097021 0.5116512978313568
0.014683716482736309 0.511457753543501
0.014184133542663013 0.5112640082186152
0.01369307469752823 0.5110700652561425
0.013210548563419855 0.5108759280589943
0.012736563606711382 0.5106816000334897
0.012271128143913401 0.510487084589296
0.011814250341527555 0.5102923851393694
0.01136593821590326 0.5100975050998939
0.010926199633097211 0.5099024478902229
0.010495042308735048 0.5097072169328177
0.01007247380787657 0.5095118156531889
0.009658501544882181 0.509316247479835
0.009253132783283546 0.5091205158441829
0.00885637463565564 0.5089246241805278
0.00846823406349223 0.5087285759259726
0.008088717877083706 0.5085323745203678
0.007717832735397279 0.5083360234062511
0.007355585145960686 0.5081395260287868
0.007001981464747564 0.5079428858357056
0.006657027896065981 0.5077461062772443
0.006320730492449855 0.5075491908060845
0.00599309515455243 0.507352142877293
0.005674127631043024 0.5071549659482605
0.005363833518505778 0.506957663478641
0.005062218261342122 0.5067602389302914
0.004769287151674351 0.5065626957672105
0.00448504532925359 0.5063650374554785
0.0042094977813691425 0.5061672674631955
0.003942649342761062 0.5059693892604217
0.00368450469553544 0.5057714063191158
0.003435068369082306 0.5055733221130739
0.0031943447399958025 0.5053751401178693
0.0029623380319976356 0.5051768638107911
0.002739052315863355 0.5049784966707827
0.0025244915093498577 0.5047800421783818
0.002318659377127996 0.5045815038156585
0.002121559530715411 0.5043828850661546
0.001933195428413803 0.5041841894148222
0.001753570375247815 0.503985420347963
0.0015826875229076331 0.5037865813531666
0.0014205498696929775 0.5035876759192495
0.0012671602604611976 0.5033887075361941
0.001122521386576647 0.5031896796950873
9.866357858642205E-4 0.5029905958880593
8.595058425640012E-4 0.502791459608222
7.411337872900159E-4 0.5025922743496084
6.315216969912663E-4 0.5023930436071103
5.306714949143143E-4 0.5021937708764183
4.3858495057075286E-4 0.501994459653959
3.5526367970539763E-4 0.5017951134368348
2.8070914426786553E-4 0.5015957357227621
2.1492265238748365E-4 0.5013963300100097
1.5790535834997455E-4 0.5011968997973381
1.096582625772502E-4 0.5009974485839369
7.018221160981497E-5 0.5007979798693651
3.947789809188862E-5 0.5005984971534883
1.7545860759637932E-5 0.5003990039364176
4.386484431129212E-6 0.5001995037184487
0.0 0.5
4.386484431129212E-6 0.4998004962815513
1.7545860759637932E-5 0.4996009960635824
3.947789809188862E-5 0.49940150284651175
7.018221160981497E-5 0.49920202013063486
1.096582625772502E-4 0.4990025514160631
1.5790535834997455E-4 0.498803100202662
2.1492265238748365E-4 0.4986036699899903
2.8070914426786553E-4 0.49840426427723794
3.5526367970539763E-4 0.49820488656316514
4.3858495057075286E-4 0.498005540346041
5.306714949143143E-4 0.49780622912358174
6.315216969912663E-4 0.49760695639288965
7.411337872900159E-4 0.49740772565039165
8.595058425640012E-4 0.497208540391778
9.866357858642205E-4 0.4970094041119407
0.001122521386576647 0.4968103203049127
0.001267160260461142 0.4966112924638059
0.0014205498696929775 0.4964123240807506
0.0015826875229076331 0.4962134186468335
0.001753570375247815 0.496014579652037
0.001933195428413692 0.49581581058517776
0.002121559530715411 0.4956171149338454
0.002318659377127996 0.49541849618434153
0.0025244915093498577 0.4952199578216182
0.002739052315863355 0.4950215033292173
0.0029623380319976356 0.494823136189209
0.0031943447399956915 0.4946248598821307
0.003435068369082306 0.49442667788692607
0.00368450469553544 0.4942285936808843
0.003942649342761062 0.4940306107395783
0.0042094977813691425 0.4938327325368045
0.00448504532925359 0.4936349625445216
0.004769287151674351 0.4934373042327895
0.005062218261342066 0.4932397610697086
0.005363833518505778 0.49304233652135904
0.005674127631042969 0.4928450340517395
0.005993095154552319 0.492647857122707
0.006320730492449744 0.49245080919391554
0.006657027896065981 0.4922538937227558
0.007001981464747509 0.49205711416429443
0.007355585145960686 0.4918604739712133
0.007717832735397279 0.49166397659374894
0.008088717877083595 0.4914676254796322
0.00846823406349223 0.49127142407402735
0.00885637463565564 0.4910753758194722
0.009253132783283491 0.4908794841558171
0.009658501544882181 0.49068375252016505
0.01007247380787657 0.4904881843468111
0.010495042308735048 0.4902927830671822
0.010926199633097211 0.4900975521097771
0.01136593821590326 0.48990249490010607
0.011814250341527555 0.48970761486063064
0.012271128143913401 0.4895129154107039
0.012736563606711382 0.48931839996651033
0.013210548563419855 0.4891240719410057
0.013693074697528174 0.4889299347438575
0.014184133542663013 0.4887359917813849
0.014683716482736309 0.488542246456499
0.015191814752096966 0.4883487021686433
0.015708419435684406 0.4881553623137337
0.01623352146918494 0.48796223028409935
0.016767111639191146 0.4877693094684228
0.01730918058336306 0.48757660325168056
0.017859718790592616 0.48738411501508405
0.018418716601170837 0.48719184813601984
0.018986164206957035 0.4869998059879906
0.019562051651550616 0.4868079919405559
0.02014636883046661 0.4866164093592731
0.020739105491312082 0.48642506160563814
0.021340251233966323 0.4862339520370269
0.02194979551076376 0.486043084006636
0.02256772762667847 0.4858524608634238
0.023194036739512036 0.4856620859520524
0.023828711860083507 0.48547196261282793
0.02447174185242318 0.48528209418164264
0.025123115433966503 0.4850924839899164
0.025782821175753368 0.48490313536453766
0.026450847502627717 0.4847140516278056
0.02712718269344161 0.4845252360973718
0.027811814881259445 0.4843366920861817
0.028504732053567683 0.4841484229024169
0.029205922052484956 0.48396043184943655
0.02991537257497484 0.4837727222257202
0.030633071173062854 0.4835852973248091
0.031359005254054106 0.4833981604352489
0.03209316208075458 0.4832113148405318
0.032835528771693934 0.483024763819039
0.03358609230135262 0.48283851064398314
0.0343448395003898 0.48265255858335077
0.03511175705587427 0.4824669108998451
0.03588683151151828 0.482281570850829
0.036670049267913896 0.48209654168826727
0.03746139658277092 0.48191182665867016
0.03826085957115877 0.48172742900303606
0.039068424205749686 0.4815433519567947
0.0398840763170647 0.48135959874975054
0.04070780159372289 0.48117617260602585
0.041539585582691774 0.4809930767440044
0.04237941368954118 0.4808103143762747
0.043227271178699456 0.48062788870957396
0.04408314317371209 0.48044580294473144
0.044947014657502116 0.4802640602766128
0.04581887047263433 0.4800826638940634
0.04669869532158122 0.479901616979853
0.04758647376699021 0.4797209227106194
0.04848219023195638 0.4795405842568131
0.04938582900029426 0.47936060478264125
0.05029737421681446 0.47918098744601256
0.05121680988760119 0.4790017353984817
0.05214411988029344 0.4788228517851938
0.053079287924368 0.47864433974482967
0.05402229761142452 0.47846620240955046
0.054973132395473634 0.47828844290494277
0.05593177559322765 0.47811106434996375
0.05689821038439263 0.47793406985688647
0.05787241981196378 0.47775746253124535
0.058854386782523305 0.4775812454717815
0.059844094066539844 0.47740542177038847
0.06084152429867101 0.47722999451205794
0.06184665997806821 0.47705496677482573
0.06285948346868314 0.4768803416297176
0.06387997699957804 0.4767061221406954
0.06490812266523721 0.4765323113646035
0.06594390242588033 0.47635891235111494
0.06698729810778059 0.476185928142678
0.06803829140358242 0.47601336177446285
0.06909686387262248 0.47584121627430825
0.07016299694125444 0.4756694946626684
0.07123667190317379 0.47549819995256
0.0723178699197467 0.4753273351495093
0.07340657202033979 0.4751569032514997
0.07450275910265391 0.47498690724891846
0.07560641193305895 0.47481735012450493
0.07671751114693104 0.4746482348532979
0.0778360372489924 0.47447956440258326
0.07896197061365373 0.4743113417318424
0.08009529148535854 0.47414356979269967
0.08123597997892906 0.47397625152887124
0.08238401607991619 0.47380938987611276
0.08353937964495023 0.4736429877621685
0.08470205040209366 0.47347704810671964
0.08587200795119787 0.47331157382133293
0.08704923176426066 0.4731465678094099
0.08823370118578616 0.4729820329661358
0.08942539543314793 0.4728179721784287
0.09062429359695268 0.472654388324889
0.09183037464140792 0.4724912842757488
0.09304361740469091 0.4723286628928216
0.09426400059931955 0.472166527029452
0.09549150281252627 0.4720048795304658
0.09672610250663366 0.47184372323212
0.09796777801943274 0.47168306096205287
0.09921650756456163 0.4715228955392347
0.10047226923189001 0.471363229773918
0.1017350409879017 0.4712040664675883
0.10300480067608236 0.47104540841291503
0.10428152601730706 0.47088725839370266
0.10556519461023273 0.47072961918484146
0.10685578393169054 0.4705724935522592
0.10815327133708008 0.4704158842528725
0.10945763406076825 0.4702597940345384
0.11076884921648822 0.470104225636006
0.11208689379774034 0.46994918178686884
0.11341174467819631 0.46979466520751667
0.11474337861210537 0.46964067860908765
0.11608177223470112 0.4694872246934212
0.11742690206261286 0.46933430615301
0.11877874449427606 0.46918192567095335
0.12013727581034755 0.46903008592090967
0.1215024721741218 0.4688787895670498
0.12287430963194806 0.4687280392640101
0.12425276411365188 0.46857783765684596
0.12563781143295671 0.46842818738098546
0.12702942728790895 0.468279091062183
0.12842758726130288 0.4681305513164734
0.12983226682111088 0.4679825707501257
0.13124344132091287 0.4678351519595978
0.13266108600032933 0.46768829753149044
0.13408517598545439 0.4675420100425024
0.1355156862892941 0.4673962920593848
0.1369525918122041 0.46725114613889634
0.13839586734232895 0.4671065748277583
0.13984548755604648 0.46696258066260987
0.14130142701841053 0.4668191661699637
0.14276366018359832 0.46667633386616153
0.14423216139535716 0.46653408625733017
0.14570690488745675 0.4663924258393372
0.1471878647841396 0.46625135509774757
0.14867501510057535 0.4661108765077796
0.15016832974331712 0.46597099253426205
0.15166778251075957 0.4658317056315903
0.15317334709359753 0.4656930182436837
0.1546849970752885 0.46555493280394256
0.15620270593251628 0.46541745173520527
0.15772644703565547 0.46528057744970625
0.1592561936492401 0.46514431234903314
0.16079191893243094 0.4650086588240849
0.16233359593948765 0.4648736192550298
0.16388119762024184 0.4647391960112638
0.16543469682057094 0.46460539145136864
0.16699406628287417 0.4644722079230709
0.1685592786465523 0.46433964776320047
0.17013030644848698 0.46420771329764954
0.1717071221235218 0.4640764068413322
0.1732896980049472 0.46394573069814327
0.17487800632498535 0.46381568716091814
0.1764720192152779 0.46368627851139277
0.17807170870737304 0.46355750702016313
0.179677046733219 0.4634293749466459
0.1812880051256549 0.46330188453903837
0.18290455561890512 0.46317503803427934
0.18452666984907506 0.46304883765800964
0.18615431935464954 0.46292328562453333
0.1877874755769921 0.4627983841367784
0.18942610986084474 0.4626741353862587
0.19107019345483262 0.46255054155303504
0.1927196975119675 0.46242760480567713
0.19437459309015415 0.4623053273012254
0.19603485115269714 0.46218371118515345
0.1977004425688123 0.46206275859133
0.19937133811413665 0.46194247164198177
0.20104750847124042 0.46182285244765603
0.20272892423014321 0.4617039031071838
0.20441555588882865 0.4615856257076427
0.20610737385376338 0.4614680223243207
0.20780434844041373 0.4613510950206794
0.20950644987376982 0.461234845848318
0.21121364828886618 0.4611192768469372
0.21292591373130504 0.46100439004430355
0.21464321615778387 0.46089018745621374
0.21636552543662174 0.4607766710864592
0.2180928113482865 0.46066384292679113
0.21982504358592747 0.46055170495688547
0.22156219175590608 0.46044025914430786
0.2233042253783279 0.4603295074444798
0.22505111388757998 0.4602194518006436
0.22680282663286555 0.46011009414382875
0.22855933287874125 0.46000143639281793
0.23032060180565822 0.4598934804541132
0.23208660251050184 0.4597862282219028
0.23385730400713306 0.4596796815780277
0.23563267522693404 0.45957384239194865
0.2374126850193523 0.4594687125207134
0.23919730215244617 0.45936429380892424
0.2409864953134348 0.4592605880887053
0.24278023310924657 0.45915759717967064
0.24457848406707022 0.4590553228888924
0.24638121663490548 0.45895376701086893
0.2481883991821195 0.45885293132749333
