1.0 0.5
0.9998612151090003 0.5006331924158618
0.9997532801828658 0.5008441957958917
0.999244548725269 0.5014768414462764
0.9990133642141358 0.5016875584724538
0.998458666866564 0.5021086672435443
0.99778098230154 0.5025292557325451
0.9969804777275899 0.50294922016554
0.996057350657239 0.5033684569225891
0.9944432493722524 0.5039957214452727
0.9938441702975689 0.5042043338523292
0.991864314474768 0.5048285636227983
0.9903926402016152 0.5052432489535045
0.9887999688823954 0.5056566405909877
0.9879583809693737 0.5058628193871756
0.9861849601988383 0.5062740793448316
0.9842915805643155 0.5066837912672904
0.9822787092288991 0.5070918540642656
0.9801468428384715 0.5074981670523682
0.9778965073991651 0.5079026299799481
0.9743000973127524 0.5085056373367712
0.9717560820140969 0.5089050395682576
0.9704403844771128 0.5091039228777918
0.966319511571547 0.5096971544710353
0.9634282978200603 0.5100896716998269
0.9619397662556435 0.5102850027901736
0.9588773128419906 0.5106737496788034
0.9540715869125407 0.5112519022370371
0.9507275585561229 0.5116338867382157
0.9472723199190125 0.5120130007519234
0.9437067235296417 0.5123891507374497
0.9418828150443468 0.5125760851875186
0.9362480035363987 0.5131321881406662
0.9323567202600775 0.5134988922249952
0.9303710135019718 0.513681000896615
0.9263200821770461 0.5140426753328542
0.920046776949471 0.5145786627960515
0.9179036806841352 0.51475554136243
0.9135402871372809 0.5151065570667405
0.9068042247503936 0.5156260650899259
0.9021878176350422 0.5159676021297382
0.8998423292435453 0.5161368984661504
0.8950775061878451 0.5164724945576531
0.8877478715861173 0.5169682424521211
0.8827416067465441 0.5172935246327225
0.8776409061425918 0.5176145398948894
0.8750555348152298 0.5177734226381135
0.8671612547178428 0.5182434539134104
0.8644843137107058 0.5183978931383811
0.8590631488815944 0.518703357525656
0.8535533905932737 0.5190042071393257
0.8479563982961572 0.5193003677492499
0.839400372766471 0.5197356572552846
0.8335913834522999 0.5200197782357078
0.8277000854558971 0.5202989596354136
0.8217279323668895 0.5205731325705693
0.8156763977246888 0.5208422293931055
0.8126213281678527 0.5209748534641377
0.8033411755009999 0.5213649303866993
0.8002101126629421 0.5214923308620064
0.7938926261462367 0.5217431467911211
0.7875026260216393 0.5219885979241147
0.7810416889260654 0.522228623699593
0.7712207683315594 0.5225783606372966
0.7679133974894983 0.5226921636401678
0.7612492823579744 0.52291556343372
0.7511327665716863 0.5232400448942501
0.7443106207484775 0.5234492092111215
0.7374281949352973 0.523652587786498
0.7304871872677312 0.5238501304397596
0.7234893103355606 0.5240417884302122
0.7199695849279575 0.5241353958421152
0.7093298687687141 0.5244072627313461
0.7057571793025544 0.5244948812788583
0.6985739453173903 0.5246655801833859
0.6913417161825449 0.5248301932250822
0.6804054132438209 0.5250656133608113
0.6767374218896286 0.5251410007683784
0.6656689442312855 0.5253578399765548
0.6619587090990747 0.525426997179226
0.6545084971874737 0.5255606020445027
0.647020162616152 0.5256879002136964
0.6394955530196147 0.5258088602778886
0.6281446865664982 0.5259783515706046
0.6205375304165194 0.5260833392389528
0.6129006334345519 0.5261818912336372
0.6090716206982714 0.5262287461923394
0.5975451610080642 0.5263595925310004
0.5898303742965962 0.526438697988543
0.5820934232844315 0.5265112800929677
0.5782172325201155 0.5265451192283432
0.5665606692632763 0.5266368042222287
0.5587686987289189 0.5266897152758645
0.550962227897525 0.5267360410416229
0.5470541566592572 0.5267567308060642
0.5353134929655834 0.5268088926163902
0.5313952597646567 0.526822973817063
0.5196299078795343 0.526855287050822
0.5117798824168052 0.5268685475110452
0.5078536586559104 0.5268726918522365
0.5 0.526876007478582
0.4882201175831949 0.5268685475110452
0.48429462046093585 0.5268627457912812
0.4764467746451787 0.5268461717497578
0.46468650703441666 0.5268088926163902
0.45685681710103837 0.5267757700893141
0.449037772102475 0.5267360410416229
0.44513284445447737 0.526713702072232
0.4334393307367239 0.5266368042222287
0.4256637830515385 0.5265773209357261
0.41790657671556847 0.5265112800929677
0.41403544986029517 0.5264758056169566
0.4063093427071377 0.5263999594967
0.39476412008934725 0.5262739832384279
0.3909283793017288 0.5262287461923394
0.38327731807204724 0.5261334212525561
0.3756550564175726 0.5260316482821217
0.3642797750674629 0.5258669541327287
0.3567377236361009 0.525749174410976
0.34923102002775225 0.5256250414657307
0.34549150281252644 0.5255606020445027
0.3380412909009253 0.525426997179226
0.3306310398773543 0.5252871185828678
0.32326257811037146 0.5251410007683784
0.3159377236576611 0.5249886797881423
0.30865828381745525 0.5248301932250822
0.2978282022356275 0.5245809888667122
0.2906701312312858 0.5244072627313461
0.2871103542174636 0.5243181386289001
0.2765106896644395 0.5240417884302122
0.2730047501302266 0.523946698007552
0.2660350928697134 0.5237520916835775
0.2591231629491423 0.5235516248863903
0.2522706657837962 0.5233453470781728
0.2421070508574763 0.5230251464440493
0.2387507176420256 0.52291556343372
0.2320866025105015 0.5226921636401678
0.22221488349019886 0.5223465835184569
0.2189583110739346 0.522228623699593
0.21249737397836072 0.5219885979241147
0.20293946854898082 0.521618405589108
0.199789887337058 0.5214923308620064
0.1935464731735117 0.5212362120218481
0.18737867183214735 0.5209748534641377
0.18128800512565513 0.5207083196751886
0.1722999145441031 0.5202989596354136
0.16934406733817414 0.5201599907171555
0.1634937432451133 0.519878330840037
0.15772644703565564 0.5195917662822296
0.1520436017038428 0.5193003677492499
0.1464466094067262 0.5190042071393257
0.14093685111840565 0.518703357525656
0.13283874528215722 0.5182434539134104
0.12755297170418894 0.5179312090329091
0.1249444651847702 0.5177734226381135
0.11725839325345594 0.5172935246327225
0.11474337861210537 0.5171314119155134
0.10734153455962747 0.5166387736115959
0.10492249381215474 0.5164724945576531
0.10015767075645471 0.5161368984661504
0.09549150281252627 0.5157973208364127
0.08867974098957015 0.5152806725523705
0.0842651938487275 0.5149315097375124
0.08209631931586497 0.51475554136243
0.07783603724899252 0.5144008849490802
0.07367991782295402 0.5140426753328542
0.06764327973992246 0.5134988922249952
0.06375199646360147 0.5131321881406662
0.05996835085443408 0.5127622438854146
0.05629327647035842 0.5123891507374497
0.054496737905816106 0.5122014520662053
0.050986212119692176 0.5118238084191687
0.04758647376699032 0.5114432474243282
0.04269642010069319 0.5108671414973474
0.03957725992948685 0.5104796994531016
0.038060233744356686 0.5102850027901736
0.033680488428453004 0.5096971544710353
0.03227798458506631 0.509499992544902
0.029559615522887273 0.5091039228777918
0.0256999026872477 0.5085056373367712
0.024471741852423234 0.50830514305183
0.022103492600834884 0.5079026299799481
0.018772381773176305 0.5072952355605634
0.01669994899154631 0.5068880351090035
0.014746763265728768 0.5064791351378484
0.012913306515075273 0.5060686365370474
0.012041619030626338 0.5058628193871756
0.010388594689117014 0.505450112866563
0.00885637463565564 0.5050360616121524
0.006785371411752228 0.5044126869162696
0.006155829702431115 0.5042043338523292
0.0049881711417212315 0.5037868625632959
0.003942649342761062 0.5033684569225891
0.0026039291191367053 0.5027393224361981
0.0018648117535293718 0.5023190330124847
0.0012486017918649783 0.5018981714020757
9.866357858642205E-4 0.5016875584724538
5.550625190150482E-4 0.5012660333215618
1.3878489099972136E-4 0.5006331924158618
6.168375916970614E-5 0.500422149977541
0.0 0.5
6.168375916970614E-5 0.499577850022459
3.854818796385495E-4 0.4989448528980515
7.554512747310338E-4 0.4985231585537237
9.866357858642205E-4 0.4983124415275461
0.0018648117535293718 0.49768096698751535
0.002219017698460002 0.49747074426745486
0.0034657715225368535 0.4968410640269101
0.0039426493427610065 0.49663154307741086
0.0049881711417212315 0.4962131374367041
0.006155829702431059 0.4957956661476708
0.008135685525232028 0.49517143637720173
0.009607359798384674 0.4947567510464956
0.011200031117604592 0.49434335940901225
0.012041619030626283 0.4941371806128244
0.01381503980116161 0.4937259206551684
0.01669994899154631 0.49311196489099646
0.018772381773176305 0.4927047644394366
0.019853157161528356 0.49250183294763183
0.023272913840499343 0.4918958635334554
0.025699902687247644 0.4914943626632287
0.02695732058622735 0.49129439304606354
0.030904332038757865 0.4906977553855205
0.03368048842845284 0.4903028455289648
0.0365717021799396 0.48991032830017317
0.03957725992948685 0.48952030054689843
0.04269642010069319 0.4891328585026527
0.0442983616822773 0.4889401370205852
0.0492724414438771 0.48836611326178425
0.05272768008098744 0.48798699924807665
0.054496737905816106 0.48779854793379473
0.05811718495565327 0.4874239148124813
0.06184665997806815 0.4870523846520079
0.06764327973992229 0.4865011077750047
0.071641240567475 0.4861377343403439
0.07367991782295386 0.4859573246671458
0.07783603724899235 0.48559911505091985
0.08209631931586481 0.48524445863757004
0.08645971286271892 0.4848934429332595
0.09319577524960643 0.484373934910074
0.09781218236495764 0.4840323978702617
0.10252782330624488 0.48369480059734654
0.10492249381215485 0.4835275054423469
0.11225212841388255 0.48303175754787886
0.11474337861210537 0.4828685880844866
0.11979701719998448 0.4825454293961275
0.12494446518477015 0.4822265773618865
0.13018445251069505 0.481912110653732
0.13821511040577528 0.4814488025053587
0.14368074053739727 0.48114563615452216
0.1492342871145721 0.48084712183584055
0.1520436017038429 0.4806996322507501
0.160599627233529 0.4802643427447154
0.16349374324511334 0.48012166915996307
0.16934406733817398 0.4798400092828446
0.17827206763311038 0.47942686742943075
0.18128800512565518 0.4792916803248114
0.19045302534508285 0.47889381629259203
0.19665882449900024 0.4786350696133007
0.20293946854898082 0.478381594410892
0.20929340784008482 0.4781334532265793
0.21249737397836055 0.47801140207588527
0.21895831107393454 0.47777137630040695
0.2287792316684406 0.4774216393627035
0.23541049951290466 0.47719543311650386
0.2387507176420257 0.47708443656627997
0.24886723342831357 0.4767599551057499
0.2556893792515227 0.4765507907888785
0.26257180506470285 0.47634741221350196
0.26951281273226896 0.4761498695602404
0.2730047501302265 0.47605330199244805
0.2800304150720423 0.4758646041578848
0.2871103542174639 0.4756818613710999
0.2942428206974458 0.4755051187211416
0.30503615610590584 0.47525134998911134
0.3122922143873584 0.475089795204003
0.31593772365766104 0.4750113202118576
0.32694147146125374 0.47478516263940646
0.3343310557687147 0.47464216002344517
0.3380412909009252 0.4745730028207739
0.34549150281252616 0.4744393979554973
0.35297983738384786 0.4743120997863036
0.3642797750674629 0.47413304586727134
0.37185531343350164 0.4740216484293954
0.3756550564175728 0.47396835171787827
0.387099366565448 0.4738181087663627
0.394764120089347 0.47372601676157217
0.3986063523217438 0.47368240041853127
0.4063093427071377 0.47360004050329996
0.41403544986029517 0.4735241943830434
0.42178276747988447 0.4734548807716568
0.42954938403120857 0.47339211677123666
0.4373333832178477 0.4733359178678609
0.449037772102475 0.4732639589583772
0.45685681710103826 0.47322422991068597
0.46077045213607765 0.47320684228306037
0.47252491004377695 0.4731645995496367
0.4803700921204655 0.47314471294917804
0.48822011758319467 0.47313145248895483
0.49214634134408963 0.47312730814776344
