0.5222834276648892 0.999773374142386
0.5146553042100129 0.9996914393204829
0.5112460741736733 0.9996369104391395
0.5095431089116688 0.9995748088313935
0.5028872411621679 0.99928796497165
0.47201652103383995 0.9975831412427595
0.46238183353430085 0.9970469158441578
0.4594372849445464 0.9968336191905406
0.4588084929760481 0.9967756114720587
0.45599826728679826 0.9965030788731314
0.4544419320667664 0.9963456334186094
0.44907743743574013 0.9957993727149588
0.44782171927030245 0.9956636926552951
0.44196740705665283 0.9950229527358462
0.42986391364421384 0.9934846930871388
0.41866530391676804 0.9919185605828529
0.41791595930516445 0.9918034201348439
0.4132652342984853 0.9910783284213293
0.3968559800659731 0.9884166865623877
0.38030349711437217 0.9854245881627416
0.3763479218041228 0.9847037285208767
0.3625802605820173 0.9821619589709704
0.35647010586039574 0.9809719176573536
0.35502592273648925 0.9806898664211782
0.35173556662438066 0.9799744397216855
0.3457722812442544 0.9785637091638173
0.33789949356968063 0.9766561461512278
0.32980207706479525 0.9746574116738527
0.32593648306032097 0.9736552542692609
0.3172928302665756 0.9713940989147687
0.30923957897279275 0.9691327093956964
0.30439304612286944 0.9676693811848361
0.2996816972562413 0.966155753602386
0.2896547882571183 0.9628832212961216
0.26661683054001684 0.9553143814668589
0.2656805601234592 0.9550039864208313
0.2638168730461994 0.9543310917442631
0.2573900039495096 0.9519714238533852
0.2484029614703418 0.9486228101885162
0.23548137113592615 0.9434550556409561
0.22896913481302927 0.9408109784564592
0.2092775009278388 0.9326797852651757
0.20623662700535383 0.9314119275205207
0.19703439526455613 0.9275394708418564
0.19371663228922953 0.9261407906418753
0.1798276193096534 0.9202620425535307
0.17458922733733861 0.9179665707202239
0.17117574265231184 0.9163946209714726
0.15950956213965295 0.9107456146639564
0.15505514423626432 0.9084075079487383
0.15145017107086622 0.9061649697940843
0.1486280955693411 0.9043447720174962
0.14647116244829317 0.9029344051642559
0.14457762631993687 0.9016454516939401
0.14221961583907194 0.8998336718744444
0.13758681352148439 0.8957967483327546
0.1303552932430314 0.8892409166300275
0.12885735393503306 0.8877699903396642
0.12429891192020792 0.8829456695353359
0.11960805984166334 0.8778758095875094
0.11297897216391961 0.8706700968979827
0.10990628297455884 0.8672124697065484
0.10365026920300313 0.8601360317072217
0.10008489627759931 0.8560046428032779
0.097750223357004 0.8532957119361583
0.09399365710369578 0.8481650913599187
0.09049125525259705 0.843282093055036
0.08776680722133645 0.8394163353925319
0.08511350944151597 0.8356045058114813
0.0812056257151762 0.8298828826396494
0.07913420981683317 0.8266369261059232
0.07657412508560879 0.8224428062166911
0.07510443252124288 0.8200290972183407
0.07454769984097731 0.819097146224956
0.07096969569447287 0.8115568258125639
0.0685703530074947 0.8064412875896327
0.06708265393109614 0.8032612957316443
0.06549369540306949 0.7998534526849893
0.06330837156590241 0.7951018911535513
0.06196479147329714 0.7921167785454634
0.06067807716170237 0.7892571402035634
0.05866285569245333 0.7845306880907654
0.05521205337957846 0.7759469450048894
0.05399045604775787 0.7727871362387934
0.052429297105991646 0.768671383622918
0.05133865121914516 0.7656566640820162
0.0498568484022468 0.761383258783355
0.04833610958606982 0.7569338917621177
0.04523020781154097 0.7473809160695692
0.04211355429407482 0.7376565406099765
0.041142129538445094 0.7345174696617313
0.03926374259281695 0.7284293075626316
0.03763775915783807 0.7230328478095913
0.03206507350286836 0.703842167458692
0.02793430490366633 0.6890968804757219
0.024731207347133743 0.6765820150405091
0.023973922196215414 0.6735749033978657
0.02109511545677656 0.661972275342038
0.019400158901572206 0.6550769422295162
0.016392262894501464 0.6428249302951352
0.01462800813142695 0.6345830879873732
0.009332000544019503 0.608571401981847
0.00786606530962597 0.6002863485367574
0.006654477728584074 0.5928232490201663
0.005911585179073753 0.5882413105413935
0.005594817075928127 0.5857306958662802
0.0032933766224780836 0.5663392049386443
0.002983563154605462 0.5627892199407337
0.0027816719234119436 0.5603423033631372
0.0027449767383920243 0.5596622011304807
0.002078467579191834 0.5436392155385393
0.002061045504663128 0.5431489287894149
0.001805598370562489 0.5335587392266907
0.0017626112094063506 0.5310308013617432
0.0017463880152831512 0.5286660131982769
0.0016794010769597412 0.5181172390721289
0.001730657956220516 0.5140711082093543
0.001972673705401662 0.4996678427225748
0.0022579774705731026 0.4933427514108525
0.002491101903705717 0.4896115917883024
0.002551008592989512 0.48867376698924625
0.0028002928550796558 0.48546202685150786
0.0031541972726611966 0.4813370912553967
0.003338130601693301 0.47919660233592287
0.005124869442181823 0.4612140789813466
0.007030363648888316 0.44275096864971175
0.007392708839094486 0.4401400961883304
0.008342007281397446 0.4334218779401374
0.010265204904440606 0.42014420789989126
0.010491698000105742 0.4188018633869566
0.010983007299055103 0.4160732026792531
0.011425444036776478 0.4137888476665129
0.013320842663019583 0.40512225434545956
0.01631686335407212 0.3919983765626093
0.01853736699375208 0.38358692926533877
0.020099368098320136 0.3777105555000352
0.022763204801655168 0.36827240389158944
0.023402600991499378 0.3662698658058938
0.027858305106062686 0.3525186797430484
0.03270135987622924 0.33881911893189753
0.038138573809389786 0.3239853919026753
0.042330543955417244 0.3127509965703189
0.04319739697659741 0.31044747339521184
0.04763016580285395 0.29930610746284414
0.048099803635726524 0.298140813125341
0.04952797454922775 0.29463686425926006
0.052162109415592406 0.2886327229329869
0.052561113433199136 0.28773284217989537
0.055001603892258166 0.28230628042330175
0.05700918497371188 0.2780048636509027
0.05931248661615085 0.2730795252595024
0.06457952038119852 0.262154463115972
0.07161211664224587 0.2478893921598092
0.0785635798461859 0.23419389300079474
0.08336065512235957 0.22532398010898402
0.08607305488522166 0.22035085610300598
0.08663679134179036 0.21936018028540838
0.08703563423498084 0.21867907294482214
0.09351092111088233 0.20804873845079686
0.09791196149201187 0.20106690429070673
0.10313513931916984 0.19281296988005803
0.10452531884165595 0.19083674169493148
0.1109290434830218 0.18183511840871525
0.11345779316251481 0.1783026587689408
0.11945595226700845 0.16996706944318007
0.12115185777728765 0.1676955571847435
0.1274791054046691 0.15934535258256544
0.1279547930218803 0.15873458414842967
0.13289019577133698 0.15241345697147013
0.13667382581573173 0.14758593058197733
0.13741410168114332 0.146642965193567
0.13996434586383177 0.14355488231067892
0.1403144176757436 0.14313432746898636
0.14110766377131945 0.14218249484573076
0.14362606621448715 0.1391971645396457
0.14494529115357146 0.13767926140120845
0.1464927701522487 0.13605590620843278
0.1484713202449961 0.1339884898899515
0.1611430185164645 0.12167260985877093
0.16375674718270727 0.1192012831184216
0.16576315350791582 0.11731006342282202
0.16942872858890845 0.11386757311346896
0.17319068202749133 0.1106899991188609
0.17836676144600117 0.10643380821096171
0.18217807902288652 0.10334904011063772
0.18412539343408563 0.10179374754617154
0.19017486404818262 0.09734202966353622
0.19374862227729728 0.09491701368030325
0.20214463657819404 0.08922326088784904
0.20718091055362753 0.08585434799537417
0.20901036062569767 0.08464811988108978
0.21174610764630575 0.08286422854598219
0.2135468196463184 0.08171540702880153
0.21907696654259812 0.07826783232099177
0.22694957318000608 0.0737699250310575
0.22948136748143577 0.07234178187302998
0.2312124054221646 0.07136570672375675
0.23392898405291263 0.0698544639430585
0.23837512132898886 0.06746666334254103
0.24640016268236464 0.06336648940604961
0.2518469613073786 0.06065301445265181
0.25549001690008444 0.058930598981209226
0.2618186572042357 0.055944512868176144
0.2667298758564154 0.0536453460655012
0.2693575462960348 0.05244243441186103
0.269963991554815 0.05216499013043785
0.2709104729115388 0.0517334467024787
0.2728863976092287 0.05087855818248255
0.27944347640357836 0.04819038096537254
0.2843156275225124 0.04625638694687406
0.2883540959241663 0.04479623431733659
0.2931800481596737 0.04309971817585345
0.30057995614348865 0.04090248282296349
0.30939835281258354 0.03837049627777589
0.31080526804708397 0.03799297884307329
0.3194941611509331 0.03593114986660528
0.3261656282784934 0.0344223051924174
0.3377741294716975 0.03183029584931529
0.3406165198012182 0.031213261157570837
0.3593209457236807 0.02716986965095103
0.3673474430903505 0.025495238370013773
0.38035244031155124 0.022916391818195603
0.3882831780168954 0.021402152564565124
0.3914468273346965 0.02080961847592122
0.40532867206093937 0.018274352552219986
0.4112837264984879 0.01722657419208873
0.4135135973612716 0.01690397422473955
0.42062301997724627 0.015994896588548024
0.43154902280813834 0.014600387051726949
0.448594517613111 0.012785884949719772
0.455087897894362 0.012166633409274374
0.46751288729301566 0.01100027538605397
0.47396942643379836 0.010403794989529036
0.47829453168033376 0.010041519063577975
0.4833395325380824 0.009629669844520516
0.4942800890692234 0.008869855043256547
0.49946577710283124 0.008562936383542219
0.5123382282514668 0.007878557648543172
0.5170074301504222 0.007664280936573564
0.5235132092816155 0.007376997550299302
0.538901615473316 0.0066987791568074995
0.5489234090298316 0.0062586914406629335
0.5549480052342348 0.006030247620593676
0.5628849433996701 0.005897094147815252
0.5701253076676287 0.005791411897553944
0.5712934690106819 0.005799843990964004
0.5833562525378047 0.006123338720767424
0.5886270275467408 0.006294847683883886
0.5968289765668853 0.0066225045939284355
0.6028328863314433 0.006865689851364487
0.6095224651016957 0.00721370701005164
0.6121911342735015 0.007392928520892128
0.6222403461214684 0.008075849359845844
0.6262554563232297 0.008356211175321815
0.6326791372895983 0.00881745529111777
0.6349363671281721 0.009023464562594397
0.6428616330322323 0.009791439416931391
0.6435472475051375 0.009860817315322068
0.649421670689329 0.01056107437474052
0.6564140212202484 0.011514397524403863
0.6604037016076291 0.012065451132423188
0.6672750005228432 0.013025434909964217
0.6743753854538469 0.014203336123499888
0.677814832833896 0.014814516947737943
0.682482937703858 0.01566858581185593
0.6849542551562939 0.016136514799170554
0.6960250385270879 0.018588525131608358
0.7015484583690419 0.01988910714715275
0.7061131987433699 0.021000824326638856
0.7100755625518512 0.021972576097789465
0.7175853180216006 0.023999511076372104
0.7224783847448256 0.025382800671329586
0.7295694682032398 0.027418638266800688
0.7308626359142716 0.027810506033529525
0.7368242002508374 0.029723617711835848
0.7395606542537435 0.030656451846374222
0.742758415965114 0.031752792807632324
0.7469960360906247 0.033294944139010685
0.7504466322849422 0.03455143752036938
0.7553915965206225 0.036527622726459374
0.7688464731586276 0.04211483700156815
0.7706487032437536 0.04288869157258679
0.7738020269011854 0.04425511448482122
0.7816113209919205 0.04770829633712759
0.785176221210856 0.04936425887445495
0.7885084698679213 0.05094682241233728
0.7917806755171282 0.05250273442593956
0.7933716100551431 0.0533416238232608
0.7981926110359884 0.055965482503256836
0.7995045688307221 0.0567740423125036
0.8041860044063425 0.05973222149752089
0.8093540620886064 0.06316742519228136
0.8121986068810723 0.06508777724336312
0.8188045182752152 0.0695781374422445
0.8210594095049182 0.07121450644592453
0.8284772880623494 0.07701420344148846
0.8298042958099656 0.07805975405544752
0.8349297874873332 0.0823500059340797
0.8368829346489369 0.08412060419846312
0.8417488871957718 0.08854749652475158
0.8454839424235788 0.09197660643642802
0.851785720867136 0.09776297381741672
0.8626950765729582 0.10833947410295075
0.8642469155755295 0.10988161013581255
0.8648784161626962 0.11054670259216415
0.8711647895722693 0.11733000936802263
0.8717299786756153 0.11794391807466764
0.8793984740399741 0.12634770907987614
0.8848514258976052 0.1324156758081455
0.8920950775379951 0.14050154843739182
0.8945586976376829 0.14326692994062318
0.897414601213009 0.14651846849327999
0.9008349939158283 0.15042244392278614
0.9039927708293982 0.15408598375561766
0.9056292322569248 0.15606573856347694
0.910638225329277 0.16220508960626534
0.9134439355386739 0.16574306311489906
0.9160675897478117 0.16919306068234996
0.9196315953759151 0.1739436814025781
0.9244224897928057 0.18043753278714258
0.926288292863994 0.1832968237669712
0.9337448953637096 0.19492179929068676
0.9357271125740797 0.19806627938453403
0.9369946552305862 0.20008184799547635
0.937483299297053 0.20088864318962563
0.9390015225955637 0.2034191560666948
0.9418960432430099 0.20829271970245944
0.9467903437642544 0.2170685736755018
0.9471574849585399 0.21773736247026787
0.9482962807329103 0.219951506538004
0.9524305042408109 0.2282332667204704
0.9536524310018825 0.23072375379228605
0.9543745313181738 0.2322011981501595
0.9580488902106439 0.2397449243226284
0.9606526416824431 0.24526315991428027
0.9620046655305649 0.24844732108365397
0.9632611223814247 0.25140795805268457
0.9644704912635409 0.2543308884104275
0.9660178752229779 0.25840403102581533
0.9670549669573766 0.26114087790918317
0.9677412334225947 0.26299502352451665
0.9700823043490223 0.26984528221115245
0.9720315447283675 0.27577293323121255
0.974505010471991 0.2837591160264772
0.9748486918804261 0.2848966493821371
0.9770246293519502 0.2922403289795309
0.9782760399465197 0.29658333884793586
0.9791089086699996 0.30011956142621177
0.9794217779369319 0.3016234364619774
0.9820677872846628 0.3147447536941228
0.9822157763296109 0.31548602770194767
0.9845110569984338 0.32703094787169273
0.985778252467163 0.3338614092009614
0.9860137139013196 0.335174854183077
0.9874989391918377 0.3437985501568751
0.9877788106953196 0.3455495339551784
0.9888818417343961 0.35266310431957204
0.9900030018978553 0.3605027285271727
0.9905829556268564 0.3658453443124011
0.9910808714452923 0.37053283782668434
0.9912321364952763 0.37206696290743513
0.9918880675046151 0.3799953436243503
0.9928984049392529 0.39234900473714207
0.9941752624478315 0.40879932395746577
0.9947018829958355 0.4160227899164505
0.9951510798721395 0.4226543991226006
0.9954711418724953 0.4281655909253739
0.9957735947405396 0.43358133293000845
0.9962206808646143 0.44217443400274536
0.9970775661138771 0.46378512724686594
0.9974171882953212 0.4738589313626269
0.9981196126411793 0.4950982080140669
0.9982564129803199 0.4999580063862795
0.9982694386139113 0.5030293645985602
0.9982726024292873 0.5060795524076164
0.9981126679538909 0.5216627709207685
0.9980018311789948 0.5286229937983637
0.9977067833916362 0.5366943687512067
0.9974246744067159 0.5441642063502997
0.9967435847515478 0.5612203647890237
0.9963862183473854 0.5659715775404494
0.9952685363859055 0.5791643420183495
0.9947518544162198 0.5850894324852326
0.99400601108983 0.5932410559014637
0.9937884394840788 0.5948651157200927
0.993120084033183 0.599844136923845
0.9921679911395095 0.6066607182620407
0.9917751710375198 0.6093443384427194
0.9902780346288069 0.6184937276984602
0.988840852598338 0.6271114169004303
0.9879567971651121 0.6319796016075879
0.9869308848674079 0.6374079679119067
0.985866191650817 0.642778524163395
0.9854236782215324 0.6448708199857581
0.9839421111392919 0.6515902935728611
0.9831135931923992 0.6548877266239558
0.9825517206838563 0.6571164047123051
0.9817098676900803 0.6604303033099884
0.9805740233695864 0.6645502711986321
0.9781093766904857 0.6727609417102445
0.9764780924500928 0.6779247621513957
0.9747935329750534 0.6827672128873549
0.9716861804704305 0.6912239570565046
0.9691187204533881 0.6977781249253674
0.9666107538223575 0.7039725998794455
0.9651565658660249 0.7075465830120725
0.9632599009322748 0.7121870623917986
0.9561952502387752 0.72838771212466
0.9532275703328409 0.7351392127469509
0.9507064780711973 0.7407741827711108
0.9476866553688197 0.7473081626846177
0.9466384466081444 0.7494465829822151
0.9419744908206336 0.7585572986872808
0.9397777724910746 0.7627297598238834
0.937190569610314 0.7676266016253648
0.9316418470342072 0.7778860436104826
0.9271657072818703 0.7856224385442957
0.9261966504950486 0.7872885803193672
0.925040522240276 0.789253637948068
0.9206291757261359 0.7965032938962127
0.9175357445356523 0.8015065568864933
0.9153833360540224 0.8049475994365736
0.9142131667593293 0.8068092716041945
0.9115661513861488 0.8110081113537182
0.9026406357183516 0.8242536724734268
0.9018844216631814 0.8253461712025604
0.8987252519294641 0.8298515074370342
0.8978426695227532 0.8311074418694013
0.8942544426683202 0.8361929609162196
0.8886886729744193 0.8439388019367351
0.8862168161496361 0.8470800515746689
0.8826307217124125 0.8515877588143929
0.8737097231034439 0.8627859829473011
0.8720659406100153 0.8648262142364092
0.8709298904360291 0.8662073303873349
0.8693337108222358 0.868142997946136
0.8654919428886322 0.8726862283889948
0.8621439454522992 0.8764299268890221
0.8572142255631664 0.8818823287722651
0.8555151474070047 0.8837411211843462
0.8503893911801081 0.8890540757032316
0.84934296752127 0.8901096426859496
0.8423446045012233 0.8970350937391159
0.8404038051028102 0.8989542799886509
0.8341217687052053 0.9048362976112965
0.8288639497834017 0.9096961449728505
0.8237614602360995 0.9143955209304394
0.8220805150172901 0.9159164729021615
0.8176032938202158 0.9199022571602827
0.8171569020428092 0.9202978742602101
0.8160307681090964 0.9212244992085666
0.808705638482185 0.926791236972017
0.8055473795138566 0.9291588811172078
0.7956037418571491 0.9358699855852566
0.7855057843913802 0.9426135291002586
0.7781389779791568 0.9467904024921976
0.7629475118980438 0.95420145274587
0.7496872510353265 0.9605079287632587
0.7469614140838365 0.9617097653908917
0.7359382434867837 0.9664268142445778
0.7335515274695278 0.9674297657576871
0.7321406772357091 0.9680050308049604
0.7300166364353557 0.9688538998720524
0.7243437429792845 0.9709302119336298
0.7197303213767833 0.9725421980740955
0.7079418898474994 0.9765875116459831
0.703415664884587 0.9780380758765566
0.6967928808084233 0.9800820209415767
0.6959288867334446 0.9803419423604841
0.6928200531085076 0.9812458811725343
0.6837158551478779 0.9838082030196205
0.6779574152247171 0.9852283500819129
0.6765521365766328 0.9855546333241774
0.6754907639885821 0.9857924437630189
0.6704468629912709 0.9868358129566399
0.6657550844973524 0.9877967894483023
0.6625463684077085 0.988378544271973
0.6608132547275697 0.9886819721065097
0.656641983859446 0.9894080884358248
0.6545412179511902 0.9897520328880717
0.644481563109956 0.9911800680159613
0.6367282657132847 0.9921992368368169
0.6267378737599228 0.9935074853508001
0.6163741410587255 0.9948169248396629
0.6138734269117011 0.9951267311853519
0.608707830850685 0.9955748011152415
0.6052674243871681 0.9958662654722141
0.5998722126635591 0.9962876982169838
0.5956546150273716 0.9966112105663376
0.5897066122157982 0.9969961504078128
0.5775407808790054 0.9976346170322025
0.5684252174436506 0.9981037048215323
0.5562255905221569 0.9987144653394102
0.550902449862964 0.9989698734767836
0.5457965259828295 0.9992132691579589
0.5445216658442245 0.9992739496744837
0.5402488597527643 0.9994474004716433
0.5364911732544408 0.9995618351177724
0.5303491436482665 0.9997413694764674
0.5279180233125762 0.9997727752218089
