0.9996847263666281 0.5177531472113549
0.9995756353821202 0.518322015019684
0.9994998242464501 0.5185102009320702
0.9991540903166225 0.5190703445905052
0.9989994273312983 0.5192555632131404
0.9986310093152866 0.5196237126463127
0.9979307670906314 0.5201701084904577
0.9976580250445822 0.5203506574317961
0.9967219657334121 0.5208874554489681
0.996370709298756 0.5210647483058617
0.9951994241361948 0.5215916094429276
0.9943207935443648 0.5219385997578656
0.9933641039688856 0.5222821257135815
0.9928565337915329 0.5224525725830232
0.9917830428468177 0.5227908004605877
0.9906318936587073 0.5231254294065601
0.9887599616596674 0.523620509394822
0.988097359905937 0.5237836797132271
0.9859940475927231 0.5242675314535895
0.9852545333990642 0.5244269077380223
0.9837180639085176 0.5247427610555792
0.9821052097282421 0.5250547072043382
0.979543267583753 0.5255151929005447
0.9777405922270266 0.5258171569839677
0.9768109459996932 0.5259666131702073
0.9739092157569113 0.5264088076258536
0.9729045024396036 0.5265541283465972
0.9708391078263456 0.5268416191578991
0.9686993622598218 0.5271248713663781
0.9653510782057182 0.5275417046392963
0.9630269590789415 0.5278141661336893
0.9618374571293522 0.5279487524756994
0.9581597474035617 0.528345870253429
0.9556174234441045 0.5286050289165317
0.9530031522118007 0.5288596705139684
0.951669164933717 0.5289852848191307
0.9475604305197047 0.5293552423880503
0.9447328395287619 0.5295960944081517
0.9432926800158405 0.5297147701791278
0.9403599172280115 0.529948597817535
0.935830537145496 0.5302904606327176
0.9327248218633115 0.5305123975967119
0.931146308548391 0.5306215613914689
0.927938282153447 0.5308362580586743
0.9229996980096122 0.5311491625449791
0.9196237037425278 0.5313516238208338
0.9179108240872375 0.531450999882152
0.9126734684389962 0.5317416628288245
0.9108950073977983 0.5318360493154095
0.907289491872412 0.5320210481138355
0.9036196606148096 0.5322009904175646
0.8998860931338886 0.532375847811621
0.8960893790032349 0.5325455926839953
0.8902772220474138 0.5327905656009558
0.8883089188503397 0.5328696384565239
0.8823123444756024 0.5330990589705817
0.8802831944615183 0.5331729230608955
0.8761799363452982 0.5333167195465923
0.872017275056313 0.5334552549360532
0.8656633426281368 0.5336531458383208
0.861355069500733 0.5337784346040045
0.8591794917554739 0.5338390799381155
0.852568026119666 0.534012991173937
0.8503362501184821 0.5340682790351216
0.8435582932165702 0.5342260644096298
0.8412717285970184 0.53427595987689
0.8366582716889719 0.5343716894264249
0.8296386370804805 0.5345051023456315
0.8272726080548416 0.5345468512011546
0.8225018834338478 0.5346262557662749
0.8152505464036617 0.5347351066431214
0.810353934913014 0.5348008198691261
0.8078872023554411 0.5348316163019731
0.8004144674502649 0.5349157504534073
0.7978997045279057 0.5349410397643205
0.7902852517709708 0.535008627501339
0.787724046861987 0.5350283937170476
0.7799726857048581 0.5350793923497869
0.7747496773768014 0.5351064681851182
0.7721218515856213 0.535117927441459
0.766834075455175 0.5351366863695498
0.7615041631309756 0.5351498968075454
0.7534321321882861 0.5351593047219695
0.750721303041973 0.5351596647454263
0.745270058015777 0.5351562207028411
0.7370208405595371 0.5351406458458974
0.7314743954390039 0.5351233258036886
0.7286874107272492 0.535112585684811
0.7202727293468519 0.5350720501892234
0.717450295580175 0.5350557684224584
0.7117797861145725 0.5350190537612035
0.7060758341657133 0.5349768091854059
0.6974591733206388 0.5349030885630733
0.6916755670160899 0.5348470502937237
0.6887723561715086 0.5348169670395695
0.6800184691030925 0.5347184752134616
0.6770861392230934 0.5346829015705369
0.6712006223297833 0.5346076480784265
0.6652880708735868 0.5345269296374998
0.656370597397093 0.5343956333152587
0.6503945532735995 0.5343013101504727
0.6473975661919213 0.5342521163882795
0.641386253563623 0.534149674214644
0.6323277199909828 0.5339859050621745
0.6262623785676549 0.5338700135085195
0.6232221710095237 0.5338100608794644
0.6140728417774419 0.5336222041431142
0.6079505712797216 0.5334903254633356
0.6048829830078479 0.5334224015977282
0.5956558598138039 0.5332107242321993
0.5894853603230717 0.5330630458331173
0.5863947505482446 0.5329872472544874
0.5771029456391945 0.5327520500648988
0.5708929857728695 0.5325887818055992
0.5646718310822733 0.5324203673998714
0.5584404639598495 0.5322468334423023
0.5521998684107032 0.5320682073359155
0.5490764178804318 0.531976993510355
0.5396949351834244 0.5316957923048757
0.5334325721792101 0.5315020621888731
0.5271649297842861 0.5313033575320675
0.5240294380787 0.5312021495258658
0.5177557325656108 0.5309960421353008
0.508340226819701 0.530677713992355
0.5052009011650094 0.5305691767707248
0.49578218804134 0.5302363415707972
0.48950367193643773 0.530008475742411
0.4832268133234141 0.5297758712278358
0.4769526033910077 0.5295385647580207
0.47381680131642806 0.5294181599715065
0.4644160920752598 0.5290499965830175
0.45815577035238303 0.5287988120284077
0.45190205631844127 0.5285430798075322
0.4487779858342021 0.5284135209140797
0.4394184002537546 0.5280181346110653
0.43630315757424976 0.5278841199793912
0.4269730088259372 0.5274754925602541
0.42386856160521325 0.5273371068368723
0.4176688062198623 0.527057103229438
0.4114820518844227 0.526772826991748
0.40222843385100293 0.5263384998342266
0.3960784514707967 0.5260437398753236
0.38994487950780027 0.5257448673079858
0.38382868652412894 0.525441929327656
0.38077740907896857 0.5252889507319412
0.3716522978689988 0.5248240491121179
0.36862056811222355 0.5246671136874438
0.3625727879864532 0.5243503276258477
0.35354210533796027 0.5238679545841189
0.35054328337225904 0.523705270537018
0.3415826916308181 0.5232116292091928
0.3386081788236527 0.5230452406912326
0.3326783848047181 0.5227097409000345
0.32383352655177516 0.5221997839280695
0.317971534140831 0.5218554193811549
0.3121382861347869 0.5215076036101638
0.3092327293203553 0.521332418658382
0.303444323596184 0.5209795292019828
0.29482019635348433 0.5204440008669727
0.28911108977369304 0.5200829347603775
0.28343528499752846 0.5197186973255749
0.2806101510811546 0.5195354073149419
0.27498597784466894 0.5191665208868059
0.26939733693072676 0.5187946078428365
0.2638451108505143 0.5184197269124148
0.2555869658513777 0.5178519703512577
0.2528534043459485 0.5176612986437082
0.24741565963947254 0.5172778710700393
0.24201780092838987 0.5168917151202368
0.23399766193876415 0.516307498996194
0.22870323328931758 0.5159147898057538
0.22345164554430663 0.5155195674855131
0.21824372799031427 0.5151218944456579
0.21308030301789477 0.5147218334833712
0.20796218599170752 0.5143194477729166
0.2028901851217616 0.5139148008556622
0.19786510133579133 0.5135079566300473
0.19288772815277916 0.5130989793414914
0.1904171789553722 0.512893710967686
0.1830792498771553 0.5122748842312128
0.17824969365696725 0.5118598965436613
0.1734709455399983 0.5114430360409613
0.17110086065555824 0.5112339240436328
0.1663997370655373 0.5108143778336106
0.15944705517601965 0.5101818773293096
0.15487900365757573 0.5097581866382739
0.15261537012621512 0.5095457592524758
0.1481293343375671 0.5091197823313355
0.1436988630060415 0.5086923652908453
0.13932465575442105 0.5082635756251105
0.13287034855996288 0.5076179656283165
0.12863980378352663 0.5071860410823051
0.12446790108701711 0.5067529817771036
0.12240414675575528 0.5065360479534409
0.11832143949143803 0.5061014147845329
0.11231058647100012 0.5054476799883417
0.10837974585796029 0.5050107671270009
0.10643747765316025 0.5047920096573906
0.10259962883108781 0.5043539358208005
0.09696070626382303 0.5036955575819347
0.09511278969441467 0.503475794822312
0.08966523416121702 0.5028157179630481
0.08788168599787993 0.5025954584373156
0.08262893829158363 0.5019340998763457
0.08091088506156568 0.5017134827051407
0.07585626293020648 0.5010512601707071
0.07420478979275119 0.5008304247005635
0.07095233704901782 0.5003886641285407
0.06776763590494256 0.4999468421819465
0.06311871558960624 0.4992841468039382
0.06010557003899497 0.4988424766535345
0.057161888918292436 0.49840098928948556
0.055716243212591 0.4981803359400142
0.052877626866320415 0.49773925346091585
0.05010961632597466 0.4972985279799035
0.04609093949419074 0.49663826135218814
0.04478714984836751 0.4964184263274224
0.042233534390262895 0.4959791891342071
0.039752205563675314 0.49554058687363817
0.03734355519919069 0.4951026888060971
0.03386768063987883 0.49444731329745245
0.032745799734955394 0.4942292817247032
0.029491008911608774 0.49357658829965817
0.028443172038453757 0.49335951955265817
0.026403387692411462 0.4929261770822044
0.02443838974155882 0.49249395165039167
0.021631792837367436 0.49184785720356516
0.01985509246558481 0.4914187225646301
0.018154212540718362 0.49099094300887935
0.01733228964869915 0.4907775825056459
0.014980976371022192 0.4901397191276839
0.0135091212169689 0.48971640922035764
0.012114088612256713 0.4892947232112267
0.011445450081935427 0.4890845099878857
0.009555360052177775 0.48845648897703975
0.008392068149712217 0.4880400731188865
0.007306406838585966 0.4876255458718316
0.006298547557305079 0.4872129726945328
0.005368649458533659 0.48680241873707747
0.004516859383961402 0.48639394883069476
0.003743311841115149 0.485987627477518
0.0030481289821192026 0.48558351884039913
0.0024314205844058745 0.4851816867327765
0.002152525225966595 0.48498164422120205
0.001653707241044633 0.48458334576889406
0.001053053962566164 0.48399048226885166
8.922215834648584E-4 0.483794114781046
5.279694769988463E-4 0.4832088818836426
4.459830963097211E-4 0.4830151197776495
3.183622312937229E-4 0.4824378871285266
3.152736333719153E-4 0.4822468527886451
4.2436461787975777E-4 0.48167798498031594
5.001757535499363E-4 0.4814897990679297
8.459096833774438E-4 0.48092965540949484
0.001000572668701627 0.4807444367868596
0.001368990684713356 0.48037628735368726
0.0018161483174100046 0.48001123673222706
0.0023419749554177693 0.47964934256820396
0.002946387564614905 0.47929066200890164
0.003629290701243959 0.47893525169413836
0.004800575863805279 0.4784083905570724
0.0056792064556351884 0.47806140024213445
0.006635896031114308 0.47771787428641854
0.007670493517868193 0.47737786693665546
0.008782835540960154 0.47704143188394715
0.009972746448690395 0.47670862225528854
0.011240038340332492 0.47637949060517804
0.011902640094063055 0.47621632028677285
0.014005952407276867 0.4757324685464105
0.014745466600935786 0.4755730922619778
0.01628193609148232 0.47525723894442085
0.017894790271757943 0.4749452927956618
0.019583774453390435 0.47463730307561364
0.021348621926198408 0.47433331841942356
0.023189054000306797 0.4740333868297927
0.02609078424308875 0.4735911923741464
0.02709549756039642 0.47344587165340285
0.029160892173654362 0.47315838084210093
0.032398286997274706 0.4727351060095327
0.034648921794281695 0.47245829536070366
0.03580181848298425 0.4723215182639743
0.039370277372252294 0.47191776455118234
0.0405961967465816 0.4717853902166351
0.0443825765558955 0.4713949710834683
0.04568074429889951 0.47126708312157006
0.04968265346961659 0.47089024516512096
0.05105224963072452 0.47076692435264955
0.053844558249316776 0.4705237497659551
0.05816497993304909 0.4701677271381428
0.059640082771988456 0.470051402182465
0.06416946285450403 0.4697095393672825
0.06727517813668843 0.4694876024032882
0.06885369145160897 0.4693784386085311
0.07369110427918713 0.46905821754473404
0.07533732065706672 0.46895391467673286
0.07867998262749487 0.4687489899489103
0.08381855397180987 0.46845086568815236
0.08556436216172963 0.4683539767642586
0.08910499260220178 0.4681639506845905
0.09271050812758791 0.4679789518861645
0.0982391927112774 0.4677109435270763
0.1020044078391879 0.46753863899271697
0.10583247108481181 0.4673714604835647
0.10776988223197692 0.4672898017699958
0.1136747141179591 0.46705258632495233
0.11567359854704984 0.46697611181390547
0.12176096848193396 0.4667545224589921
0.12589400976723314 0.46661335373486357
0.12798272494368695 0.4665447450639469
0.13433665737186318 0.4663468541616792
0.13864493049926702 0.46622156539599546
0.14301026578110576 0.46610161063670774
0.14743197388033397 0.46598700882606303
0.14966374988151787 0.4659317209648784
0.15644170678342983 0.4657739355903701
0.1610283088460277 0.46567549781205586
0.16334172831102822 0.4656283105735751
0.17036136291951948 0.4654948976543685
0.17510634113298273 0.465412763793854
0.17990262382146788 0.46533609165888434
0.18474945359633826 0.4652648933568786
0.18719158477135223 0.4652313504405007
0.19459168506169344 0.46513896235775043
0.19958553254973516 0.4650842495465926
0.20210029547209424 0.4650589602356795
0.20716500328473741 0.4650125207950389
0.212275953138013 0.4649716062829525
0.22002731429514166 0.46492060765021315
0.22263334347883396 0.4649063770144747
0.23051671711031213 0.46487199969784404
0.23582566613174355 0.4648560146992706
0.23849583686902415 0.46485010319245457
0.24656786781171414 0.4648406952780305
0.25199942415208 0.46484136327447795
0.25472994198422305 0.464843779297159
0.2629791594404627 0.4648593541541026
0.2657477580620257 0.46486732068619574
0.27410860217190536 0.4648995406188271
0.27972727065314795 0.4649279498107765
0.2853807227518369 0.4649618972860189
0.29106806572234856 0.4650013776838544
0.2939241658342866 0.4650231908145941
0.302540826679361 0.46509691143692666
0.3083244329839099 0.4651529497062763
0.31122764382849144 0.4651830329604305
0.31705630783782757 0.46524732176956757
0.3258531817144618 0.46535404129395513
0.3317523323333983 0.46543202879988027
0.334711929126413 0.46547307036250013
0.34065058148508065 0.4655592410058654
0.34661439696416885 0.46565085024432573
0.35260243380807865 0.4657478836117205
0.3616278346666674 0.4659035701525569
0.3676722800090172 0.46601409493782553
0.37373762143234507 0.4661299864914806
0.37677782899047607 0.4661899391205357
0.38592715822255813 0.4663777958568857
0.3920494287202785 0.46650967453666436
0.395117016992152 0.4665775984022717
0.40434414018619635 0.46678927576780066
0.41051463967692803 0.4669369541668827
0.4166992699434024 0.46708985360418076
0.4228970543608054 0.46724794993510127
0.42910701422713055 0.46741121819440085
0.43221625357930626 0.4674947837721253
0.4415595360401505 0.46775316655769766
0.4478001315892965 0.4679317926640844
0.4509235821195681 0.468023006489645
0.4571761721539819 0.4682092176808144
0.46656742782078975 0.46849793781112686
0.4728350702157138 0.4686966424679325
0.4791070022679566 0.4689002902877726
0.4822442674343889 0.4690039578646991
0.4916597731802986 0.46932228600764503
0.4979386298123552 0.46954056726966137
0.5010782421690847 0.4696515137962969
0.507357215236241 0.469876996741101
0.5167731866765857 0.47022412877216424
0.5199106846626582 0.47034219658742354
0.5293179670903003 0.4707034061935914
0.5324515780738887 0.470826128938049
0.541844229647617 0.4712011879715923
0.5449719743728596 0.4713284881309325
0.5512220141657979 0.4715864790859203
0.5574639654089149 0.4718489568652404
0.5668095704629825 0.4722509954695943
0.5699196609727696 0.47238720640176485
0.5792328800766806 0.4728023581086788
0.5823311937801374 0.47294289677056195
0.5916061445050923 0.4733708993613198
0.5946907244408768 0.4735156769856845
0.6039215485292029 0.47395626012467634
0.6100551204921999 0.47425513269201425
0.6131154497861718 0.4744060964804356
0.6222691616624438 0.4748650262282469
0.6253109054267125 0.4750199954741615
0.6313794318877766 0.4753328863125562
0.6374272120135466 0.47564967237415234
0.6464578946620398 0.4761320454158811
0.6524496382981803 0.47645834935357384
0.6584173083691816 0.47678837079080716
0.6643599625107601 0.4771220576133704
0.6702766623089363 0.47745935712824594
0.6732249871915231 0.47762934502251125
0.682028465859169 0.4781445806188451
0.6878617138652131 0.4784923963898362
0.6936652963288755 0.4788436084607614
0.699438296797209 0.47919816137116333
0.7051798036465154 0.47955599913302727
0.70803846343757 0.47973613219492306
0.7165647150024714 0.48028130267442515
0.7193898489188455 0.48046459268505814
0.7278128394427137 0.4810190609676926
0.7333833828975497 0.4813924653255705
0.7389170724107602 0.4817688080288789
0.7444130341486221 0.4821480296487422
0.7471465956540516 0.4823387013562917
0.7525843403605275 0.4827221289299607
0.75798219907161 0.48310828487976315
0.7633393194028347 0.48349710822719805
0.7686548554027995 0.48388853757255146
0.7739279676867499 0.4842825111045921
0.7791578235691295 0.48467896661033233
0.7843435971950667 0.4850778414848518
0.7920378140082923 0.48568055222708345
0.794579629192945 0.4858825970202622
0.8021348986642085 0.4864920433699526
0.8071122718472208 0.4869010206585086
0.8095828210446278 0.48710628903231395
0.8169207501228446 0.4877251157687872
0.8193418317672972 0.4879323714079061
0.8241460787675988 0.4883483037131795
0.8312562398540263 0.4889756314497815
0.8336002629344628 0.48918562216638933
0.8405529448239805 0.48981812267069036
0.8428437380250696 0.49002977121242786
0.8496345492547759 0.4906670449835526
0.8540928908187083 0.49109375038716724
0.8563011369939586 0.4913076347091548
0.8606753442455788 0.4917364243748895
0.8671296514400373 0.4923820343716835
0.8713601962164732 0.49281395891769486
0.8755320989129829 0.4932470182228964
0.8796447007377681 0.49368114390220363
0.8836973522633255 0.49411626740213915
0.8857009963036166 0.4943341818684995
0.8896625254401676 0.4947706732198951
0.8935625223468396 0.4952079903426094
0.8992958002744842 0.4958653632517742
0.9030392937361771 0.4963044424180653
0.9067191426212087 0.49674410515573886
0.9085350183614964 0.4969641336709431
0.9138855924400797 0.497624903552672
0.9156365313835357 0.49784535930740054
0.9190891149384341 0.4982865172948593
0.9241437370697936 0.49894873982929283
0.9274298736788833 0.49939044355332557
0.9290476629509822 0.4996113358714593
0.9322323640950573 0.5000531578180535
0.9353488107382453 0.500494971370412
0.9398944299610049 0.5011575233464656
0.941374982885641 0.5013782942348382
0.945711862931128 0.5020402455722358
0.9485152317105356 0.5024811582555301
0.9498903836740253 0.5027014720200965
0.9539090605058093 0.5033617386478119
0.9552128501516325 0.5035815736725776
0.9577664656097371 0.504020810865793
0.9614612284681427 0.504678454508819
0.962656444800809 0.5048973111939029
0.964992036349376 0.505334435919235
0.9672542002650446 0.5057707182752967
0.9705089910883911 0.5064234117003418
0.9725860485785678 0.5068572870395441
0.9745884792532824 0.5072900795336306
0.9755616102584412 0.5075060483496083
0.9783682071626325 0.5081521427964348
0.9792660176493948 0.508366875270857
0.9818457874592816 0.5090090569911206
0.9834705783485747 0.5094354139123362
0.9850190236289778 0.5098602808723162
0.9864908787830311 0.5102835907796424
0.9878859113877433 0.5107052767887733
0.9892039011512944 0.5111252723105998
0.9898339394521583 0.5113346154023841
0.9916079318502877 0.5119599268811136
0.992693593161414 0.5123744541281684
0.9937014524426949 0.5127870273054672
0.9946313505414663 0.5131975812629226
0.9954831406160386 0.5136060511693052
0.9962566881588848 0.514012372522482
0.9969518710178809 0.5144164811596008
0.9972700409016135 0.5146176857540142
0.9981067159666199 0.5152178053914018
0.9983462927589554 0.5154166542311059
0.9989469460374338 0.5160095177311483
0.9991077784165352 0.5162058852189539
0.9994720305230012 0.5167911181163574
0.9996162817471654 0.5171779717943552
0.9996588225953175 0.5173703852094469
