0.520033 0.996509 0.504945 0.996398
0.504945 0.996398 0.487461 0.995453
0.487461 0.995453 0.469039 0.994424
0.469039 0.994424 0.4615 0.993841
0.4615 0.993841 0.44698 0.992615
0.44698 0.992615 0.436806 0.991684
0.436806 0.991684 0.418836 0.990018
0.418836 0.990018 0.410916 0.989189
0.410916 0.989189 0.404643 0.988476
0.404643 0.988476 0.395523 0.987054
0.395523 0.987054 0.375408 0.983802
0.375408 0.983802 0.368063 0.982466
0.368063 0.982466 0.362442 0.981366
0.362442 0.981366 0.330576 0.974788
0.330576 0.974788 0.322821 0.973167
0.322821 0.973167 0.318296 0.972218
0.318296 0.972218 0.292595 0.966575
0.292595 0.966575 0.287472 0.965382
0.287472 0.965382 0.278992 0.963312
0.278992 0.963312 0.266148 0.960069
0.266148 0.960069 0.260663 0.958644
0.260663 0.958644 0.254949 0.957026
0.254949 0.957026 0.242305 0.953416
0.242305 0.953416 0.227607 0.948989
0.227607 0.948989 0.221759 0.947103
0.221759 0.947103 0.216109 0.94484
0.216109 0.94484 0.204446 0.939951
0.204446 0.939951 0.202646 0.939178
0.202646 0.939178 0.193266 0.934966
0.193266 0.934966 0.177846 0.928021
0.177846 0.928021 0.170255 0.924167
0.170255 0.924167 0.162705 0.920217
0.162705 0.920217 0.15764 0.917524
0.15764 0.917524 0.142985 0.909498
0.142985 0.909498 0.138315 0.906607
0.138315 0.906607 0.136625 0.905508
0.136625 0.905508 0.133615 0.903335
0.133615 0.903335 0.126617 0.897994
0.126617 0.897994 0.121373 0.893426
0.121373 0.893426 0.118311 0.890749
0.118311 0.890749 0.113982 0.886868
0.113982 0.886868 0.100059 0.874208
0.100059 0.874208 0.0918445 0.866344
0.0918445 0.866344 0.0763442 0.850329
0.0763442 0.850329 0.0737757 0.84763
0.0737757 0.84763 0.0612447 0.831253
0.0612447 0.831253 0.0574494 0.825724
0.0574494 0.825724 0.0531434 0.819402
0.0531434 0.819402 0.0518913 0.817543
0.0518913 0.817543 0.0486937 0.812038
0.0486937 0.812038 0.0422549 0.800414
0.0422549 0.800414 0.0368549 0.790186
0.0368549 0.790186 0.0302531 0.777314
0.0302531 0.777314 0.0283228 0.773167
0.0283228 0.773167 0.0267967 0.769812
0.0267967 0.769812 0.0227768 0.758866
0.0227768 0.758866 0.0218756 0.756356
0.0218756 0.756356 0.019037 0.7469
0.019037 0.7469 0.0176814 0.74161
0.0176814 0.74161 0.0137299 0.725171
0.0137299 0.725171 0.0118134 0.716457
0.0118134 0.716457 0.00967192 0.69319
0.00967192 0.69319 0.00941474 0.68965
0.00941474 0.68965 0.00833081 0.671369
0.00833081 0.671369 0.00765812 0.660013
0.00765812 0.660013 0.00696758 0.6482
0.00696758 0.6482 0.00591354 0.625911
0.00591354 0.625911 0.00570027 0.61672
0.00570027 0.61672 0.0054731 0.605671
0.0054731 0.605671 0.0052384 0.576168
0.0052384 0.576168 0.00542378 0.544149
0.00542378 0.544149 0.00557188 0.518682
0.00557188 0.518682 0.00564779 0.510647
0.00564779 0.510647 0.00576136 0.501299
0.00576136 0.501299 0.00600335 0.484865
0.00600335 0.484865 0.0061397 0.477163
0.0061397 0.477163 0.00632128 0.471587
0.00632128 0.471587 0.00711854 0.454394
0.00711854 0.454394 0.00753821 0.445828
0.00753821 0.445828 0.00808936 0.437232
0.00808936 0.437232 0.00852335 0.432236
0.00852335 0.432236 0.00894635 0.428357
0.00894635 0.428357 0.00978537 0.421165
0.00978537 0.421165 0.0113599 0.410698
0.0113599 0.410698 0.0155722 0.383318
0.0155722 0.383318 0.0170172 0.375266
0.0170172 0.375266 0.0174225 0.373024
0.0174225 0.373024 0.018025 0.369694
0.018025 0.369694 0.0191985 0.363642
0.0191985 0.363642 0.0225439 0.346544
0.0225439 0.346544 0.0234084 0.342403
0.0234084 0.342403 0.0324886 0.305707
0.0324886 0.305707 0.0347525 0.298227
0.0347525 0.298227 0.0358439 0.295278
0.0358439 0.295278 0.039268 0.286025
0.039268 0.286025 0.0439126 0.273728
0.0439126 0.273728 0.0448713 0.271333
0.0448713 0.271333 0.052627 0.254708
0.052627 0.254708 0.0572038 0.245471
0.0572038 0.245471 0.0588246 0.243185
0.0588246 0.243185 0.068799 0.229287
0.068799 0.229287 0.0850988 0.206884
0.0850988 0.206884 0.0910676 0.199019
0.0910676 0.199019 0.0939957 0.195519
0.0939957 0.195519 0.0979224 0.191279
0.0979224 0.191279 0.105069 0.183931
0.105069 0.183931 0.107961 0.181023
0.107961 0.181023 0.126798 0.162499
0.126798 0.162499 0.12906 0.160425
0.12906 0.160425 0.131601 0.158285
0.131601 0.158285 0.138537 0.152463
0.138537 0.152463 0.162766 0.132399
0.162766 0.132399 0.173739 0.123335
0.173739 0.123335 0.176824 0.120829
0.176824 0.120829 0.186893 0.113187
0.186893 0.113187 0.198362 0.104692
0.198362 0.104692 0.217256 0.0914484
0.217256 0.0914484 0.222543 0.0879967
0.222543 0.0879967 0.223261 0.0875442
0.223261 0.0875442 0.23768 0.0786262
0.23768 0.0786262 0.249458 0.0718417
0.249458 0.0718417 0.257913 0.0670163
0.257913 0.0670163 0.259403 0.0661942
0.259403 0.0661942 0.261734 0.0649237
0.261734 0.0649237 0.269829 0.0605485
0.269829 0.0605485 0.27314 0.0588401
0.27314 0.0588401 0.278433 0.0562353
0.278433 0.0562353 0.290625 0.0502927
0.290625 0.0502927 0.298117 0.0466979
0.298117 0.0466979 0.301546 0.0452459
0.301546 0.0452459 0.326898 0.0365573
0.326898 0.0365573 0.339302 0.0326025
0.339302 0.0326025 0.347965 0.0298633
0.347965 0.0298633 0.365631 0.0244188
0.365631 0.0244188 0.376151 0.0213208
0.376151 0.0213208 0.408855 0.013239
0.408855 0.013239 0.413123 0.0122529
0.413123 0.0122529 0.419777 0.0107407
0.419777 0.0107407 0.43118 0.00870755
0.43118 0.00870755 0.435332 0.00804058
0.435332 0.00804058 0.456474 0.00554242
0.456474 0.00554242 0.467409 0.00428143
0.467409 0.00428143 0.489504 0.00249509
0.489504 0.00249509 0.515257 0.00124816
0.515257 0.00124816 0.532434 0.000520873
0.532434 0.000520873 0.539954 0.000368607
0.539954 0.000368607 0.54405 0.000296948
0.54405 0.000296948 0.552233 0.000241304
0.552233 0.000241304 0.55905 0.000475511
0.55905 0.000475511 0.582446 0.00163623
0.582446 0.00163623 0.587065 0.00187023
0.587065 0.00187023 0.609737 0.00331986
0.609737 0.00331986 0.61413 0.00375786
0.61413 0.00375786 0.61758 0.00410942
0.61758 0.00410942 0.621644 0.00462401
0.621644 0.00462401 0.624889 0.00503523
0.624889 0.00503523 0.652566 0.00984612
0.652566 0.00984612 0.675754 0.0150473
0.675754 0.0150473 0.691031 0.0185982
0.691031 0.0185982 0.702007 0.0212973
0.702007 0.0212973 0.712177 0.0239532
0.712177 0.0239532 0.715838 0.0249441
0.715838 0.0249441 0.723686 0.0270748
0.723686 0.0270748 0.740539 0.0323475
0.740539 0.0323475 0.746444 0.0346004
0.746444 0.0346004 0.74875 0.0355463
0.74875 0.0355463 0.757498 0.0395639
0.757498 0.0395639 0.773569 0.04702
0.773569 0.04702 0.779047 0.0498441
0.779047 0.0498441 0.781748 0.0513224
0.781748 0.0513224 0.79482 0.0587536
0.79482 0.0587536 0.796108 0.059553
0.796108 0.059553 0.798311 0.0609942
0.798311 0.0609942 0.804704 0.0651827
0.804704 0.0651827 0.814072 0.0715829
0.814072 0.0715829 0.825031 0.0793148
0.825031 0.0793148 0.829726 0.0832645
0.829726 0.0832645 0.831263 0.0846893
0.831263 0.0846893 0.834398 0.0876747
0.834398 0.0876747 0.83924 0.092521
0.83924 0.092521 0.842939 0.0964088
0.842939 0.0964088 0.847446 0.101403
0.847446 0.101403 0.851601 0.106176
0.851601 0.106176 0.853504 0.108436
0.853504 0.108436 0.859549 0.115832
0.859549 0.115832 0.869951 0.128779
0.869951 0.128779 0.878109 0.139337
0.878109 0.139337 0.879115 0.140693
0.879115 0.140693 0.88658 0.150911
0.88658 0.150911 0.890392 0.156569
0.890392 0.156569 0.90251 0.17544
0.90251 0.17544 0.907775 0.183815
0.907775 0.183815 0.91246 0.191545
0.91246 0.191545 0.919461 0.203224
0.919461 0.203224 0.920327 0.204843
0.920327 0.204843 0.926651 0.216898
0.926651 0.216898 0.927527 0.218573
0.927527 0.218573 0.93784 0.241369
0.93784 0.241369 0.939243 0.244564
0.939243 0.244564 0.941335 0.249481
0.941335 0.249481 0.941797 0.250604
0.941797 0.250604 0.947863 0.265966
0.947863 0.265966 0.949102 0.269114
0.949102 0.269114 0.951904 0.276276
0.951904 0.276276 0.953278 0.280325
0.953278 0.280325 0.954338 0.28354
0.954338 0.28354 0.958025 0.295554
0.958025 0.295554 0.962222 0.309247
0.962222 0.309247 0.962978 0.311715
0.962978 0.311715 0.965999 0.32198
0.965999 0.32198 0.967866 0.328334
0.967866 0.328334 0.969376 0.333506
0.969376 0.333506 0.978968 0.370542
0.978968 0.370542 0.981007 0.378428
0.981007 0.378428 0.982281 0.383644
0.982281 0.383644 0.983948 0.390478
0.983948 0.390478 0.985017 0.395913
0.985017 0.395913 0.986374 0.402954
0.986374 0.402954 0.991349 0.434626
0.991349 0.434626 0.993015 0.445328
0.993015 0.445328 0.996219 0.468079
0.996219 0.468079 0.996681 0.471391
0.996681 0.471391 0.997882 0.485121
0.997882 0.485121 0.998636 0.495452
0.998636 0.495452 0.999294 0.505567
0.999294 0.505567 0.999424 0.508242
0.999424 0.508242 0.999667 0.513888
0.999667 0.513888 0.999782 0.516655
0.999782 0.516655 0.999783 0.517259
0.999783 0.517259 0.999574 0.537363
0.999574 0.537363 0.998734 0.550786
0.998734 0.550786 0.998397 0.555039
0.998397 0.555039 0.994873 0.592127
0.994873 0.592127 0.992645 0.613192
0.992645 0.613192 0.990702 0.628524
0.990702 0.628524 0.989421 0.63844
0.989421 0.63844 0.988613 0.643562
0.988613 0.643562 0.987597 0.649806
0.987597 0.649806 0.985001 0.664009
0.985001 0.664009 0.984027 0.669039
0.984027 0.669039 0.983274 0.672102
0.983274 0.672102 0.979947 0.685635
0.979947 0.685635 0.974612 0.705713
0.974612 0.705713 0.971266 0.715293
0.971266 0.715293 0.96694 0.726857
0.96694 0.726857 0.959341 0.746936
0.959341 0.746936 0.953249 0.762176
0.953249 0.762176 0.949256 0.771916
0.949256 0.771916 0.948381 0.773754
0.948381 0.773754 0.943127 0.783717
0.943127 0.783717 0.942504 0.784824
0.942504 0.784824 0.938465 0.791906
0.938465 0.791906 0.937163 0.794008
0.937163 0.794008 0.93502 0.797396
0.93502 0.797396 0.934034 0.798835
0.934034 0.798835 0.928098 0.807284
0.928098 0.807284 0.920231 0.818262
0.920231 0.818262 0.912512 0.828929
0.912512 0.828929 0.911026 0.830569
0.911026 0.830569 0.906996 0.834683
0.906996 0.834683 0.902382 0.839168
0.902382 0.839168 0.896753 0.844536
0.896753 0.844536 0.889327 0.851541
0.889327 0.851541 0.88209 0.858132
0.88209 0.858132 0.878423 0.860866
0.878423 0.860866 0.87585 0.862782
0.87585 0.862782 0.8713 0.866139
0.8713 0.866139 0.864045 0.871251
0.864045 0.871251 0.852298 0.87909
0.852298 0.87909 0.847877 0.881979
0.847877 0.881979 0.84449 0.884172
0.84449 0.884172 0.834943 0.890347
0.834943 0.890347 0.824202 0.897239
0.824202 0.897239 0.816236 0.902286
0.816236 0.902286 0.808458 0.907166
0.808458 0.907166 0.793208 0.91588
0.793208 0.91588 0.792726 0.916155
0.792726 0.916155 0.788694 0.918326
0.788694 0.918326 0.779606 0.923019
0.779606 0.923019 0.765496 0.930106
0.765496 0.930106 0.752534 0.936547
0.752534 0.936547 0.744853 0.940262
0.744853 0.940262 0.741023 0.942083
0.741023 0.942083 0.729963 0.94726
0.729963 0.94726 0.71389 0.954755
0.71389 0.954755 0.706549 0.95801
0.706549 0.95801 0.67497 0.971421
0.67497 0.971421 0.670322 0.973264
0.670322 0.973264 0.662892 0.976019
0.662892 0.976019 0.651193 0.98027
0.651193 0.98027 0.638693 0.98469
0.638693 0.98469 0.631614 0.986704
0.631614 0.986704 0.609296 0.991865
0.609296 0.991865 0.602825 0.992496
0.602825 0.992496 0.595863 0.993145
0.595863 0.993145 0.590543 0.993605
0.590543 0.993605 0.567157 0.995579
0.567157 0.995579 0.555698 0.996186
0.555698 0.996186 0.53819 0.996443
0.53819 0.996443 0.520033 0.996509
0.118311 0.890749 0.126617 0.897994
0.847446 0.101403 0.83924 0.092521
0.113982 0.886868 0.126617 0.897994
0.847446 0.101403 0.834398 0.0876747
0.136625 0.905508 0.142985 0.909498
0.136625 0.905508 0.15764 0.917524
0.851601 0.106176 0.834398 0.0876747
0.133615 0.903335 0.15764 0.917524
0.853504 0.108436 0.834398 0.0876747
0.126617 0.897994 0.15764 0.917524
0.859549 0.115832 0.834398 0.0876747
0.113982 0.886868 0.15764 0.917524
0.869951 0.128779 0.834398 0.0876747
0.879115 0.140693 0.869951 0.128779
0.90251 0.17544 0.88658 0.150911
0.100059 0.874208 0.15764 0.917524
0.879115 0.140693 0.834398 0.0876747
0.0918445 0.866344 0.15764 0.917524
0.88658 0.150911 0.834398 0.0876747
0.834398 0.0876747 0.829726 0.0832645
0.91246 0.191545 0.90251 0.17544
0.0918445 0.866344 0.162705 0.920217
0.88658 0.150911 0.829726 0.0832645
0.0737757 0.84763 0.0918445 0.866344
0.0918445 0.866344 0.170255 0.924167
0.88658 0.150911 0.825031 0.0793148
0.0918445 0.866344 0.177846 0.928021
0.88658 0.150911 0.814072 0.0715829
0.0737757 0.84763 0.177846 0.928021
0.90251 0.17544 0.814072 0.0715829
0.0737757 0.84763 0.193266 0.934966
0.90251 0.17544 0.804704 0.0651827
0.0612447 0.831253 0.193266 0.934966
0.91246 0.191545 0.804704 0.0651827
0.0531434 0.819402 0.0612447 0.831253
0.0531434 0.819402 0.193266 0.934966
0.919461 0.203224 0.804704 0.0651827
0.0422549 0.800414 0.0518913 0.817543
0.0531434 0.819402 0.202646 0.939178
0.919461 0.203224 0.798311 0.0609942
0.919461 0.203224 0.796108 0.059553
0.927527 0.218573 0.920327 0.204843
0.0518913 0.817543 0.202646 0.939178
0.920327 0.204843 0.796108 0.059553
0.0422549 0.800414 0.202646 0.939178
0.927527 0.218573 0.796108 0.059553
0.927527 0.218573 0.79482 0.0587536
0.202646 0.939178 0.216109 0.94484
0.0368549 0.790186 0.202646 0.939178
0.93784 0.241369 0.79482 0.0587536
0.0368549 0.790186 0.216109 0.94484
0.93784 0.241369 0.781748 0.0513224
0.0302531 0.777314 0.216109 0.94484
0.781748 0.0513224 0.773569 0.04702
0.216109 0.94484 0.227607 0.948989
0.0302531 0.777314 0.227607 0.948989
0.93784 0.241369 0.773569 0.04702
0.939243 0.244564 0.773569 0.04702
0.0302531 0.777314 0.242305 0.953416
0.939243 0.244564 0.757498 0.0395639
0.0283228 0.773167 0.242305 0.953416
0.941335 0.249481 0.757498 0.0395639
0.0227768 0.758866 0.0283228 0.773167
0.947863 0.265966 0.941335 0.249481
0.0227768 0.758866 0.242305 0.953416
0.947863 0.265966 0.757498 0.0395639
0.0218756 0.756356 0.242305 0.953416
0.951904 0.276276 0.947863 0.265966
0.0218756 0.756356 0.254949 0.957026
0.947863 0.265966 0.74875 0.0355463
0.019037 0.7469 0.254949 0.957026
0.951904 0.276276 0.74875 0.0355463
0.951904 0.276276 0.746444 0.0346004
0.0176814 0.74161 0.254949 0.957026
0.953278 0.280325 0.746444 0.0346004
0.260663 0.958644 0.278992 0.963312
0.958025 0.295554 0.953278 0.280325
0.0176814 0.74161 0.260663 0.958644
0.953278 0.280325 0.740539 0.0323475
0.0137299 0.725171 0.260663 0.958644
0.958025 0.295554 0.740539 0.0323475
0.0137299 0.725171 0.278992 0.963312
0.958025 0.295554 0.723686 0.0270748
0.928098 0.807284 0.93502 0.797396
0.928098 0.807284 0.937163 0.794008
0.928098 0.807284 0.938465 0.791906
0.942504 0.784824 0.948381 0.773754
0.0979224 0.191279 0.0910676 0.199019
0.0910676 0.199019 0.068799 0.229287
0.920231 0.818262 0.938465 0.791906
0.938465 0.791906 0.948381 0.773754
0.0910676 0.199019 0.0588246 0.243185
0.920231 0.818262 0.948381 0.773754
0.00967192 0.69319 0.0137299 0.725171
0.962978 0.311715 0.958025 0.295554
0.00967192 0.69319 0.278992 0.963312
0.962978 0.311715 0.723686 0.0270748
0.889327 0.851541 0.902382 0.839168
0.0588246 0.243185 0.052627 0.254708
0.00967192 0.69319 0.287472 0.965382
0.962978 0.311715 0.715838 0.0249441
0.920231 0.818262 0.949256 0.771916
0.105069 0.183931 0.0910676 0.199019
0.911026 0.830569 0.920231 0.818262
0.906996 0.834683 0.920231 0.818262
0.0910676 0.199019 0.052627 0.254708
0.920231 0.818262 0.953249 0.762176
0.0910676 0.199019 0.0448713 0.271333
0.920231 0.818262 0.959341 0.746936
0.0448713 0.271333 0.039268 0.286025
0.712177 0.0239532 0.691031 0.0185982
0.105069 0.183931 0.0448713 0.271333
0.906996 0.834683 0.959341 0.746936
0.965999 0.32198 0.715838 0.0249441
0.00967192 0.69319 0.292595 0.966575
0.965999 0.32198 0.712177 0.0239532
0.105069 0.183931 0.039268 0.286025
0.906996 0.834683 0.96694 0.726857
0.126798 0.162499 0.105069 0.183931
0.889327 0.851541 0.906996 0.834683
0.126798 0.162499 0.039268 0.286025
0.889327 0.851541 0.96694 0.726857
0.00967192 0.69319 0.318296 0.972218
0.965999 0.32198 0.691031 0.0185982
0.88209 0.858132 0.96694 0.726857
0.12906 0.160425 0.039268 0.286025
0.852298 0.87909 0.8713 0.866139
0.12906 0.160425 0.0358439 0.295278
0.88209 0.858132 0.971266 0.715293
0.12906 0.160425 0.0347525 0.298227
0.131601 0.158285 0.0347525 0.298227
0.878423 0.860866 0.971266 0.715293
0.00967192 0.69319 0.322821 0.973167
0.965999 0.32198 0.675754 0.0150473
0.00941474 0.68965 0.322821 0.973167
0.967866 0.328334 0.675754 0.0150473
0.00765812 0.660013 0.00941474 0.68965
0.978968 0.370542 0.967866 0.328334
0.8713 0.866139 0.878423 0.860866
0.138537 0.152463 0.0347525 0.298227
0.8713 0.866139 0.971266 0.715293
0.138537 0.152463 0.0324886 0.305707
0.8713 0.866139 0.974612 0.705713
0.138537 0.152463 0.0234084 0.342403
0.8713 0.866139 0.979947 0.685635
0.8713 0.866139 0.983274 0.672102
0.00941474 0.68965 0.330576 0.974788
0.00765812 0.660013 0.330576 0.974788
0.978968 0.370542 0.675754 0.0150473
0.162766 0.132399 0.0234084 0.342403
0.852298 0.87909 0.983274 0.672102
0.00696758 0.6482 0.330576 0.974788
0.00696758 0.6482 0.362442 0.981366
0.978968 0.370542 0.652566 0.00984612
0.362442 0.981366 0.375408 0.983802
0.834943 0.890347 0.847877 0.881979
0.00696758 0.6482 0.375408 0.983802
0.978968 0.370542 0.624889 0.00503523
0.847877 0.881979 0.983274 0.672102
0.847877 0.881979 0.984027 0.669039
0.173739 0.123335 0.0234084 0.342403
0.834943 0.890347 0.984027 0.669039
0.624889 0.00503523 0.61758 0.00410942
0.173739 0.123335 0.0225439 0.346544
0.834943 0.890347 0.985001 0.664009
0.186893 0.113187 0.173739 0.123335
0.00591354 0.625911 0.375408 0.983802
0.00591354 0.625911 0.395523 0.987054
0.186893 0.113187 0.0225439 0.346544
0.824202 0.897239 0.985001 0.664009
0.186893 0.113187 0.0191985 0.363642
0.824202 0.897239 0.987597 0.649806
0.978968 0.370542 0.61758 0.00410942
0.981007 0.378428 0.61758 0.00410942
0.824202 0.897239 0.988613 0.643562
0.808458 0.907166 0.824202 0.897239
0.990702 0.628524 0.994873 0.592127
0.217256 0.0914484 0.186893 0.113187
0.793208 0.91588 0.824202 0.897239
0.981007 0.378428 0.61413 0.00375786
0.395523 0.987054 0.410916 0.989189
0.217256 0.0914484 0.0191985 0.363642
0.793208 0.91588 0.988613 0.643562
0.00894635 0.428357 0.00808936 0.437232
0.018025 0.369694 0.0170172 0.375266
0.217256 0.0914484 0.018025 0.369694
0.793208 0.91588 0.989421 0.63844
0.982281 0.383644 0.61413 0.00375786
0.982281 0.383644 0.609737 0.00331986
0.018025 0.369694 0.0155722 0.383318
0.395523 0.987054 0.418836 0.990018
0.217256 0.0914484 0.0155722 0.383318
0.793208 0.91588 0.990702 0.628524
0.00894635 0.428357 0.00753821 0.445828
0.217256 0.0914484 0.0113599 0.410698
0.793208 0.91588 0.994873 0.592127
0.00978537 0.421165 0.00753821 0.445828
0.792726 0.916155 0.994873 0.592127
0.223261 0.0875442 0.217256 0.0914484
0.788694 0.918326 0.994873 0.592127
0.602825 0.992496 0.631614 0.986704
0.00591354 0.625911 0.418836 0.990018
0.982281 0.383644 0.587065 0.00187023
0.23768 0.0786262 0.217256 0.0914484
0.765496 0.930106 0.788694 0.918326
0.986374 0.402954 0.983948 0.390478
0.00570027 0.61672 0.418836 0.990018
0.983948 0.390478 0.587065 0.00187023
0.23768 0.0786262 0.0113599 0.410698
0.765496 0.930106 0.994873 0.592127
0.418836 0.990018 0.44698 0.992615
0.0113599 0.410698 0.00753821 0.445828
0.0054731 0.605671 0.418836 0.990018
0.986374 0.402954 0.587065 0.00187023
0.587065 0.00187023 0.55905 0.000475511
0.249458 0.0718417 0.0113599 0.410698
0.752534 0.936547 0.994873 0.592127
0.996219 0.468079 0.991349 0.434626
0.257913 0.0670163 0.0113599 0.410698
0.744853 0.940262 0.994873 0.592127
0.0052384 0.576168 0.418836 0.990018
0.991349 0.434626 0.587065 0.00187023
0.638693 0.98469 0.662892 0.976019
0.0052384 0.576168 0.44698 0.992615
0.991349 0.434626 0.55905 0.000475511
0.27314 0.0588401 0.261734 0.0649237
0.55905 0.000475511 0.54405 0.000296948
0.259403 0.0661942 0.0113599 0.410698
0.729963 0.94726 0.744853 0.940262
0.487461 0.995453 0.520033 0.996509
0.595863 0.993145 0.631614 0.986704
0.435332 0.00804058 0.419777 0.0107407
0.259403 0.0661942 0.00753821 0.445828
0.744853 0.940262 0.998397 0.555039
0.997882 0.485121 0.996219 0.468079
0.00632128 0.471587 0.00600335 0.484865
0.261734 0.0649237 0.00753821 0.445828
0.278433 0.0562353 0.261734 0.0649237
0.290625 0.0502927 0.261734 0.0649237
0.71389 0.954755 0.744853 0.940262
0.339302 0.0326025 0.301546 0.0452459
0.670322 0.973264 0.706549 0.95801
0.339302 0.0326025 0.298117 0.0466979
0.435332 0.00804058 0.413123 0.0122529
0.376151 0.0213208 0.347965 0.0298633
0.631614 0.986704 0.662892 0.976019
0.290625 0.0502927 0.00753821 0.445828
0.71389 0.954755 0.998397 0.555039
0.376151 0.0213208 0.339302 0.0326025
0.00542378 0.544149 0.44698 0.992615
0.996219 0.468079 0.55905 0.000475511
0.631614 0.986704 0.670322 0.973264
0.298117 0.0466979 0.00753821 0.445828
0.706549 0.95801 0.998397 0.555039
0.00557188 0.518682 0.44698 0.992615
0.339302 0.0326025 0.00753821 0.445828
0.670322 0.973264 0.998397 0.555039
0.567157 0.995579 0.595863 0.993145
0.413123 0.0122529 0.376151 0.0213208
0.456474 0.00554242 0.413123 0.0122529
0.555698 0.996186 0.595863 0.993145
0.00557188 0.518682 0.4615 0.993841
0.413123 0.0122529 0.339302 0.0326025
0.595863 0.993145 0.670322 0.973264
0.996219 0.468079 0.54405 0.000296948
0.539954 0.000368607 0.515257 0.00124816
0.00711854 0.454394 0.00600335 0.484865
0.998734 0.550786 0.999783 0.517259
0.997882 0.485121 0.54405 0.000296948
0.00557188 0.518682 0.469039 0.994424
0.469039 0.994424 0.520033 0.996509
0.539954 0.000368607 0.489504 0.00249509
0.999667 0.513888 0.999294 0.505567
0.00753821 0.445828 0.00600335 0.484865
0.998397 0.555039 0.999783 0.517259
0.456474 0.00554242 0.339302 0.0326025
0.555698 0.996186 0.670322 0.973264
0.997882 0.485121 0.539954 0.000368607
0.456474 0.00554242 0.00753821 0.445828
0.555698 0.996186 0.998397 0.555039
0.467409 0.00428143 0.00753821 0.445828
0.53819 0.996443 0.998397 0.555039
0.999667 0.513888 0.998636 0.495452
0.467409 0.00428143 0.00600335 0.484865
0.53819 0.996443 0.999783 0.517259
0.00557188 0.518682 0.520033 0.996509
0.997882 0.485121 0.489504 0.00249509
0.00557188 0.518682 0.53819 0.996443
0.997882 0.485121 0.467409 0.00428143
0.00600335 0.484865 0.00564779 0.510647
0.999782 0.516655 0.998636 0.495452
0.00600335 0.484865 0.00557188 0.518682
0.999782 0.516655 0.997882 0.485121
0.997882 0.485121 0.00600335 0.484865
0.00557188 0.518682 0.999783 0.517259
0.999783 0.517259 0.997882 0.485121
0.997882 0.485121 0.00557188 0.518682
